ID,train_number,planned_arrival,planned_departure,planned_platform,planned_status,category_train,train,path,eva_nr,station_name,station_state,station_city,station_zipcode,station_long,station_lat,station_category,changed_arrival,changed_platform_arrival,changed_departure,changed_platform_departure,message_status,priority,info,arrival_hidden,departure_hidden,arrival_path,departure_path,arrival_status,departure_status,arrival_delay_m,departure_delay_m
5941834571298649161-2512041320-6,7137,2512041340,2512041340,3,,S,1,Kirchheim(Teck)|Kirchheim(Teck)-Ötlingen|Wendlingen(Neckar)|Wernau(Neckar)|Plochingen,8000508,Altbach,Baden-Württemberg,Altbach,73776,9.382434033,48.72031354,3,2512041340,,2512041341,,h,1,Bauarbeiten,,,,,,,0.0,1.0
1692997485605395662-2512041250-6,7135,2512041310,2512041310,3,,S,1,Kirchheim(Teck)|Kirchheim(Teck)-Ötlingen|Wendlingen(Neckar)|Wernau(Neckar)|Plochingen,8000508,Altbach,Baden-Württemberg,Altbach,73776,9.382434033,48.72031354,3,2512041310,,2512041311,,h,1,Bauarbeiten,,,,,,,0.0,1.0
-5490041423935091879-2512041246-24,7134,2512041349,2512041349,4,,S,1,Herrenberg|Nufringen|Gärtringen|Ehningen(b Böblingen)|Hulb|Böblingen|Goldberg(Württ)|Stuttgart-Rohr|Stuttgart-Vaihingen|Stuttgart-Österfeld|Stuttgart Universität|Stuttgart Schwabstr.|Stuttgart Feuersee|Stuttgart Stadtmitte|Stuttgart Hbf (tief)|Stuttgart-Bad Cannstatt|Stuttgart Neckarpark|Stuttgart-Untertürkheim|Stuttgart-Obertürkheim|Esslingen-Mettingen|Esslingen(Neckar)|Oberesslingen|Esslingen-Zell,8000508,Altbach,Baden-Württemberg,Altbach,73776,9.382434033,48.72031354,3,2512041351,,2512041351,,h,1,Bauarbeiten,,,,,,,2.0,2.0
3410717060998267101-2512041216-24,7132,2512041319,2512041319,4,,S,1,Herrenberg|Nufringen|Gärtringen|Ehningen(b Böblingen)|Hulb|Böblingen|Goldberg(Württ)|Stuttgart-Rohr|Stuttgart-Vaihingen|Stuttgart-Österfeld|Stuttgart Universität|Stuttgart Schwabstr.|Stuttgart Feuersee|Stuttgart Stadtmitte|Stuttgart Hbf (tief)|Stuttgart-Bad Cannstatt|Stuttgart Neckarpark|Stuttgart-Untertürkheim|Stuttgart-Obertürkheim|Esslingen-Mettingen|Esslingen(Neckar)|Oberesslingen|Esslingen-Zell,8000508,Altbach,Baden-Württemberg,Altbach,73776,9.382434033,48.72031354,3,2512041324,,2512041325,,h,1,Bauarbeiten,,,,,,,5.0,6.0
-2228586882643936433-2512041322-10,7534,2512041347,2512041347,4,,S,5,Stuttgart Schwabstr.|Stuttgart Feuersee|Stuttgart Stadtmitte|Stuttgart Hbf (tief)|Stuttgart Nord|Stuttgart-Feuerbach|Stuttgart-Zuffenhausen|Kornwestheim Pbf|Ludwigsburg,8000630,Asperg,Baden-Württemberg,Asperg,71679,9.147977466,48.90725609,4,2512041348,,2512041348,,,,,,,,,,,1.0,1.0
-6700422537624249946-2512041322-3,28471,2512041327,2512041328,3,,S,5,Bietigheim-Bissingen|Tamm(Württ),8000630,Asperg,Baden-Württemberg,Asperg,71679,9.147977466,48.90725609,4,2512041328,,2512041328,,,,,,,,,,,1.0,0.0
-2205886530121673447-2512041337-3,7537,2512041342,2512041343,3,,S,5,Bietigheim-Bissingen|Tamm(Württ),8000630,Asperg,Baden-Württemberg,Asperg,71679,9.147977466,48.90725609,4,2512041343,,2512041343,,,,,,,,,,,1.0,0.0
-5311335166810349053-2512041307-3,7535,2512041312,2512041313,3,,S,5,Bietigheim-Bissingen|Tamm(Württ),8000630,Asperg,Baden-Württemberg,Asperg,71679,9.147977466,48.90725609,4,2512041313,,2512041313,,,,,,,,,,,1.0,0.0
3655115014084866226-2512041237-10,28466,2512041302,2512041302,4,,S,5,Stuttgart Schwabstr.|Stuttgart Feuersee|Stuttgart Stadtmitte|Stuttgart Hbf (tief)|Stuttgart Nord|Stuttgart-Feuerbach|Stuttgart-Zuffenhausen|Kornwestheim Pbf|Ludwigsburg,8000630,Asperg,Baden-Württemberg,Asperg,71679,9.147977466,48.90725609,4,2512041303,,2512041303,,,,,,,,,,,1.0,1.0
2715788132942076371-2512041307-10,28468,2512041332,2512041332,4,,S,5,Stuttgart Schwabstr.|Stuttgart Feuersee|Stuttgart Stadtmitte|Stuttgart Hbf (tief)|Stuttgart Nord|Stuttgart-Feuerbach|Stuttgart-Zuffenhausen|Kornwestheim Pbf|Ludwigsburg,8000630,Asperg,Baden-Württemberg,Asperg,71679,9.147977466,48.90725609,4,2512041332,,2512041332,,,,,,,,,,,0.0,0.0
-5265875940213227637-2512041352-3,28473,2512041357,2512041358,3,,S,5,Bietigheim-Bissingen|Tamm(Württ),8000630,Asperg,Baden-Württemberg,Asperg,71679,9.147977466,48.90725609,4,2512041358,,2512041358,,,,,,,,,,,1.0,0.0
-1459044685595923916-2512041252-10,7532,2512041317,2512041317,4,,S,5,Stuttgart Schwabstr.|Stuttgart Feuersee|Stuttgart Stadtmitte|Stuttgart Hbf (tief)|Stuttgart Nord|Stuttgart-Feuerbach|Stuttgart-Zuffenhausen|Kornwestheim Pbf|Ludwigsburg,8000630,Asperg,Baden-Württemberg,Asperg,71679,9.147977466,48.90725609,4,2512041322,,2512041322,,,,,,,,,,,5.0,5.0
-5064439108993580211-2512041303-6,17534,2512041336,2512041337,4,,MEX,90,Schwäbisch Hall-Hessental|Gaildorf West|Murrhardt|Sulzbach(Murr)|Oppenweiler(Württ),8000016,Backnang,Baden-Württemberg,Backnang,71522,9.425986107,48.94264844,3,2512041338,,2512041339,,,,,,,,,,,2.0,2.0
274132191596644042-2512041241-3,88619,2512041318,2512041324,4,,RE,90,Stuttgart Hbf|Marbach(Neckar),8000016,Backnang,Baden-Württemberg,Backnang,71522,9.425986107,48.94264844,3,2512041319,2,2512041325,2,,,,,,,,,,1.0,1.0
6987531824011246251-2512041257-8,7330,2512041318,,5,,S,,Fellbach|Waiblingen|Neustadt-Hohenacker|Schwaikheim|Winnenden|Nellmersbach|Maubach,8000016,Backnang,Baden-Württemberg,Backnang,71522,9.425986107,48.94264844,3,2512041319,,,,h,1,Bauarbeiten,,,,,,,1.0,0.0
2986443659247538640-2512041327-8,7332,2512041348,,5,,S,,Fellbach|Waiblingen|Neustadt-Hohenacker|Schwaikheim|Winnenden|Nellmersbach|Maubach,8000016,Backnang,Baden-Württemberg,Backnang,71522,9.425986107,48.94264844,3,2512041349,,,,h,1,Bauarbeiten,,,,,,,1.0,0.0
-5066832270419952647-2512041232-7,17532,2512041306,2512041307,4,,MEX,19,Gaildorf West|Fichtenberg|Fornsbach|Murrhardt|Sulzbach(Murr)|Oppenweiler(Württ),8000016,Backnang,Baden-Württemberg,Backnang,71522,9.425986107,48.94264844,3,2512041306,3,2512041308,3,,,,,,,,,,0.0,1.0
4534703989086356326-2512041341-1,7337,,2512041341,,,S,3,,8000016,Backnang,Baden-Württemberg,Backnang,71522,9.425986107,48.94264844,3,,,2512041341,,h,1,Bauarbeiten,,,,,,,0.0,0.0
1211752595168286291-2512041345-2,17529,2512041351,2512041352,4,,MEX,19,Winnenden,8000016,Backnang,Baden-Württemberg,Backnang,71522,9.425986107,48.94264844,3,2512041352,,2512041352,,,,,,,,,,,1.0,0.0
3957279639892378053-2512041311-1,7335,,2512041311,,,S,3,,8000016,Backnang,Baden-Württemberg,Backnang,71522,9.425986107,48.94264844,3,,,2512041311,,h,1,Bauarbeiten,,,,,,,0.0,0.0
-8940297413789405434-2512041317-12,28402,2512041347,2512041348,1,,S,4,Stuttgart Schwabstr.|Stuttgart Feuersee|Stuttgart Stadtmitte|Stuttgart Hbf (tief)|Stuttgart Nord|Stuttgart-Feuerbach|Stuttgart-Zuffenhausen|Kornwestheim Pbf|Ludwigsburg|Favoritepark|Freiberg(Neckar),8000873,Benningen (Neckar),Baden-Württemberg,Benningen am Neckar,71726,9.244299075,48.94379773,5,2512041350,,2512041354,,h,1,Bauarbeiten,,,,,,,3.0,6.0
6555495071308560297-2512041310-2,28399,2512041312,2512041312,2,,S,4,Marbach(Neckar),8000873,Benningen (Neckar),Baden-Württemberg,Benningen am Neckar,71726,9.244299075,48.94379773,5,2512041315,,2512041316,,h,1,Bauarbeiten,,,,,,,3.0,4.0
-5995002106705392995-2512041247-12,28400,2512041317,2512041318,1,,S,4,Stuttgart Schwabstr.|Stuttgart Feuersee|Stuttgart Stadtmitte|Stuttgart Hbf (tief)|Stuttgart Nord|Stuttgart-Feuerbach|Stuttgart-Zuffenhausen|Kornwestheim Pbf|Ludwigsburg|Favoritepark|Freiberg(Neckar),8000873,Benningen (Neckar),Baden-Württemberg,Benningen am Neckar,71726,9.244299075,48.94379773,5,2512041323,,2512041323,,h,1,Bauarbeiten,,,,,,,6.0,5.0
5693136962771673302-2512041232-12,7428,2512041302,2512041303,1,,S,4,Stuttgart Schwabstr.|Stuttgart Feuersee|Stuttgart Stadtmitte|Stuttgart Hbf (tief)|Stuttgart Nord|Stuttgart-Feuerbach|Stuttgart-Zuffenhausen|Kornwestheim Pbf|Ludwigsburg|Favoritepark|Freiberg(Neckar),8000873,Benningen (Neckar),Baden-Württemberg,Benningen am Neckar,71726,9.244299075,48.94379773,5,2512041308,,2512041308,,h,1,Bauarbeiten,,,,,,,6.0,5.0
-9055288979822431193-2512041355-2,7437,2512041357,2512041357,2,,S,4,Marbach(Neckar),8000873,Benningen (Neckar),Baden-Württemberg,Benningen am Neckar,71726,9.244299075,48.94379773,5,2512041359,,2512041359,,h,1,Bauarbeiten,,,,,,,2.0,2.0
4907785515978563886-2512041302-12,7430,2512041332,2512041333,1,,S,4,Stuttgart Schwabstr.|Stuttgart Feuersee|Stuttgart Stadtmitte|Stuttgart Hbf (tief)|Stuttgart Nord|Stuttgart-Feuerbach|Stuttgart-Zuffenhausen|Kornwestheim Pbf|Ludwigsburg|Favoritepark|Freiberg(Neckar),8000873,Benningen (Neckar),Baden-Württemberg,Benningen am Neckar,71726,9.244299075,48.94379773,5,2512041333,,2512041333,,h,1,Bauarbeiten,,,,,,,1.0,0.0
-8143374333923627216-2512041325-2,7435,2512041327,2512041327,2,,S,4,Marbach(Neckar),8000873,Benningen (Neckar),Baden-Württemberg,Benningen am Neckar,71726,9.244299075,48.94379773,5,2512041327,,2512041327,,h,1,Bauarbeiten,,,,,,,0.0,0.0
7993369286273643102-2512041340-2,28401,2512041342,2512041342,2,,S,4,Marbach(Neckar),8000873,Benningen (Neckar),Baden-Württemberg,Benningen am Neckar,71726,9.244299075,48.94379773,5,2512041342,,2512041342,,h,1,Bauarbeiten,,,,,,,0.0,0.0
6223730688488220237-2512041318-6,7237,2512041330,2512041330,2,,S,2,Schorndorf|Weiler(Rems)|Winterbach(b Schorndorf)|Geradstetten|Grunbach,8000934,Beutelsbach,Baden-Württemberg,Weinstadt,71384,9.38551589,48.81038925,5,2512041331,,2512041332,,,,,,,,,,,1.0,2.0
-2770168325908074713-2512041248-6,7235,2512041300,2512041300,2,,S,2,Schorndorf|Weiler(Rems)|Winterbach(b Schorndorf)|Geradstetten|Grunbach,8000934,Beutelsbach,Baden-Württemberg,Weinstadt,71384,9.38551589,48.81038925,5,2512041300,,2512041301,,,,,,,,,,,0.0,1.0
2585056089149631421-2512041320-5,7230,2512041328,2512041328,1,,S,2,Waiblingen|Rommelshausen|Stetten-Beinstein|Endersbach,8000934,Beutelsbach,Baden-Württemberg,Weinstadt,71384,9.38551589,48.81038925,5,2512041328,,2512041328,,,,,,,,,,,0.0,0.0
-796422872490314153-2512041350-5,7232,2512041358,2512041358,1,,S,2,Waiblingen|Rommelshausen|Stetten-Beinstein|Endersbach,8000934,Beutelsbach,Baden-Württemberg,Weinstadt,71384,9.38551589,48.81038925,5,2512041359,,2512041400,,,,,,,,,,,1.0,2.0
-2228586882643936433-2512041322-12,7534,2512041354,,6,,S,,Stuttgart Schwabstr.|Stuttgart Feuersee|Stuttgart Stadtmitte|Stuttgart Hbf (tief)|Stuttgart Nord|Stuttgart-Feuerbach|Stuttgart-Zuffenhausen|Kornwestheim Pbf|Ludwigsburg|Asperg|Tamm(Württ),8000038,Bietigheim-Bissingen,Baden-Württemberg,Bietigheim-Bissingen,74321,9.137217396,48.94794988,2,2512041355,,,,,,,,,,,,,1.0,0.0
6711876688252619495-2512041235-24,19619,2512041352,2512041353,4,,MEX,17c,Bruchsal|Bruchsal Tunnelstraße|Bruchsal Schlachthof|Heidelsheim Nord|Heidelsheim|Helmsheim|Gondelsheim Schlossstadion|Gondelsheim(Baden)|Diedelsheim|Bretten|Bretten Rechberg|Bretten-Ruit|Knittlingen-Kleinvillars|Ölbronn-Dürrn|Maulbronn West|Ötisheim|Mühlacker|Mühlacker Rößlesweg|Illingen(Württ)|Vaihingen(Enz)|Sersheim|Sachsenheim|Ellental,8000038,Bietigheim-Bissingen,Baden-Württemberg,Bietigheim-Bissingen,74321,9.137217396,48.94794988,2,2512041355,,2512041356,,,,,,,,,,,3.0,3.0
-8449762114004234939-2512041236-20,19321,2512041355,2512041357,8,,MEX,18,Osterburken|Adelsheim Ost|Sennfeld|Roigheim|Möckmühl|Züttlingen|Siglingen|Neudenau|Herbolzheim(Jagst)|Untergriesheim|Bad Friedrichshall Hbf|Neckarsulm|Heilbronn Sülmertor|Heilbronn Hbf|Nordheim(Württ)|Lauffen(Neckar)|Kirchheim(Neckar)|Walheim(Württ)|Besigheim,8000038,Bietigheim-Bissingen,Baden-Württemberg,Bietigheim-Bissingen,74321,9.137217396,48.94794988,2,2512041401,,2512041402,,,,,,,,,,,6.0,5.0
814731639790360377-2512041137-8,19067,2512041330,2512041332,8,,RE,8,Würzburg Hbf|Lauda|Osterburken|Möckmühl|Bad Friedrichshall Hbf|Neckarsulm|Heilbronn Hbf,8000038,Bietigheim-Bissingen,Baden-Württemberg,Bietigheim-Bissingen,74321,9.137217396,48.94794988,2,2512041405,,2512041406,,h,3,Information,,,Würzburg Hbf|Lauda|Osterburken|Möckmühl|Bad Friedrichshall Hbf|Neckarsulm|Heilbronn Hbf,Ludwigsburg|Stuttgart Hbf,,,35.0,34.0
1489000931947209853-2512041258-8,19318,2512041359,2512041400,10,,MEX,18,Nürtingen|Wendlingen(Neckar)|Plochingen|Esslingen(Neckar)|Stuttgart-Bad Cannstatt|Stuttgart Hbf|Ludwigsburg,8000038,Bietigheim-Bissingen,Baden-Württemberg,Bietigheim-Bissingen,74321,9.137217396,48.94794988,2,2512041359,,2512041400,,,,,,,,,,,0.0,0.0
-6700422537624249946-2512041322-1,28471,,2512041322,,,S,5,,8000038,Bietigheim-Bissingen,Baden-Württemberg,Bietigheim-Bissingen,74321,9.137217396,48.94794988,2,,,2512041322,6,,,,,,,,,,0.0,0.0
-5736440205494191689-2512041247-3,19514,2512041303,2512041304,7,,MEX,17a,Stuttgart Hbf|Ludwigsburg,8000038,Bietigheim-Bissingen,Baden-Württemberg,Bietigheim-Bissingen,74321,9.137217396,48.94794988,2,2512041306,,2512041308,,,,,,,,,,,3.0,4.0
4309725567208038944-2512041257-7,19225,2512041322,2512041325,8,,MEX,12,Heilbronn Hbf|Nordheim(Württ)|Lauffen(Neckar)|Kirchheim(Neckar)|Walheim(Württ)|Besigheim,8000038,Bietigheim-Bissingen,Baden-Württemberg,Bietigheim-Bissingen,74321,9.137217396,48.94794988,2,2512041343,,2512041344,,,,,,,,,,,21.0,19.0
8451811319367136366-2512041314-12,19519,2512041352,2512041353,4,,MEX,17a,Pforzheim Hbf|Eutingen(Baden)|Niefern|Enzberg|Mühlacker|Mühlacker Rößlesweg|Illingen(Württ)|Vaihingen(Enz)|Sersheim|Sachsenheim|Ellental,8000038,Bietigheim-Bissingen,Baden-Württemberg,Bietigheim-Bissingen,74321,9.137217396,48.94794988,2,2512041355,,2512041356,,,,,,,,,,,3.0,3.0
-5005757191713332521-2512041158-8,19316,2512041259,2512041300,10,,MEX,18,Nürtingen|Wendlingen(Neckar)|Plochingen|Esslingen(Neckar)|Stuttgart-Bad Cannstatt|Stuttgart Hbf|Ludwigsburg,8000038,Bietigheim-Bissingen,Baden-Württemberg,Bietigheim-Bissingen,74321,9.137217396,48.94794988,2,2512041303,,2512041304,,,,,,,,,,,4.0,4.0
-2205886530121673447-2512041337-1,7537,,2512041337,,,S,5,,8000038,Bietigheim-Bissingen,Baden-Württemberg,Bietigheim-Bissingen,74321,9.137217396,48.94794988,2,,,2512041337,,,,,,,,,,,0.0,0.0
3446437154248263798-2512041233-9,19230,2512041335,2512041336,10,,MEX,12,Nürtingen|Oberboihingen|Wendlingen(Neckar)|Plochingen|Esslingen(Neckar)|Stuttgart-Bad Cannstatt|Stuttgart Hbf|Ludwigsburg,8000038,Bietigheim-Bissingen,Baden-Württemberg,Bietigheim-Bissingen,74321,9.137217396,48.94794988,2,2512041341,,2512041342,,,,,,,,,,,6.0,6.0
-5311335166810349053-2512041307-1,7535,,2512041307,,,S,5,,8000038,Bietigheim-Bissingen,Baden-Württemberg,Bietigheim-Bissingen,74321,9.137217396,48.94794988,2,,,2512041307,,,,,,,,,,,0.0,0.0
-2830574003307555004-2512041244-12,19557,2512041324,,7,,MEX,,Pforzheim Hbf|Eutingen(Baden)|Niefern|Enzberg|Mühlacker|Mühlacker Rößlesweg|Illingen(Württ)|Vaihingen(Enz)|Sersheim|Sachsenheim|Ellental,8000038,Bietigheim-Bissingen,Baden-Württemberg,Bietigheim-Bissingen,74321,9.137217396,48.94794988,2,2512041325,,,,,,,,,,,,,1.0,0.0
1112543056786344061-2512041247-3,19614,2512041303,2512041304,7,,MEX,17c,Stuttgart Hbf|Ludwigsburg,8000038,Bietigheim-Bissingen,Baden-Württemberg,Bietigheim-Bissingen,74321,9.137217396,48.94794988,2,2512041306,,2512041308,,,,,,,,,,,3.0,4.0
3655115014084866226-2512041237-12,28466,2512041309,,6,,S,,Stuttgart Schwabstr.|Stuttgart Feuersee|Stuttgart Stadtmitte|Stuttgart Hbf (tief)|Stuttgart Nord|Stuttgart-Feuerbach|Stuttgart-Zuffenhausen|Kornwestheim Pbf|Ludwigsburg|Asperg|Tamm(Württ),8000038,Bietigheim-Bissingen,Baden-Württemberg,Bietigheim-Bissingen,74321,9.137217396,48.94794988,2,2512041310,,,,,,,,,,,,,1.0,0.0
2715788132942076371-2512041307-12,28468,2512041339,,6,,S,,Stuttgart Schwabstr.|Stuttgart Feuersee|Stuttgart Stadtmitte|Stuttgart Hbf (tief)|Stuttgart Nord|Stuttgart-Feuerbach|Stuttgart-Zuffenhausen|Kornwestheim Pbf|Ludwigsburg|Asperg|Tamm(Württ),8000038,Bietigheim-Bissingen,Baden-Württemberg,Bietigheim-Bissingen,74321,9.137217396,48.94794988,2,2512041339,,,,,,,,,,,,,0.0,0.0
-5265875940213227637-2512041352-1,28473,,2512041352,,,S,5,,8000038,Bietigheim-Bissingen,Baden-Württemberg,Bietigheim-Bissingen,74321,9.137217396,48.94794988,2,,,2512041352,,,,,,,,,,,0.0,0.0
-4138038175618577124-2512041332-1,19564,,2512041332,,,MEX,17a,,8000038,Bietigheim-Bissingen,Baden-Württemberg,Bietigheim-Bissingen,74321,9.137217396,48.94794988,2,,,2512041332,,,,,,,,,,,0.0,0.0
-3203630707390472652-2512041306-3,19070,2512041328,2512041329,10,,RE,8,Stuttgart Hbf|Ludwigsburg,8000038,Bietigheim-Bissingen,Baden-Württemberg,Bietigheim-Bissingen,74321,9.137217396,48.94794988,2,2512041334,,2512041335,,h,3,Information,,,,,,,6.0,6.0
-1459044685595923916-2512041252-12,7532,2512041324,,6,,S,,Stuttgart Schwabstr.|Stuttgart Feuersee|Stuttgart Stadtmitte|Stuttgart Hbf (tief)|Stuttgart Nord|Stuttgart-Feuerbach|Stuttgart-Zuffenhausen|Kornwestheim Pbf|Ludwigsburg|Asperg|Tamm(Württ),8000038,Bietigheim-Bissingen,Baden-Württemberg,Bietigheim-Bissingen,74321,9.137217396,48.94794988,2,2512041329,5,,,,,,,,,,,,5.0,0.0
2445452608426707839-2512041304-2,7732,2512041315,2512041315,3,,S,1,Herrenberg,8001055,Böblingen,Baden-Württemberg,Böblingen,71034,9.004531864,48.68784871,3,2512041319,,2512041319,,h,1,Bauarbeiten,,,,,,,4.0,4.0
-6319936848544854600-2512041220-24,7133,2512041329,2512041329,4,,S,1,Kirchheim(Teck)|Kirchheim(Teck)-Ötlingen|Wendlingen(Neckar)|Wernau(Neckar)|Plochingen|Altbach|Esslingen-Zell|Oberesslingen|Esslingen(Neckar)|Esslingen-Mettingen|Stuttgart-Obertürkheim|Stuttgart-Untertürkheim|Stuttgart Neckarpark|Stuttgart-Bad Cannstatt|Stuttgart Hbf (tief)|Stuttgart Stadtmitte|Stuttgart Feuersee|Stuttgart Schwabstr.|Stuttgart Universität|Stuttgart-Österfeld|Stuttgart-Vaihingen|Stuttgart-Rohr|Goldberg(Württ),8001055,Böblingen,Baden-Württemberg,Böblingen,71034,9.004531864,48.68784871,3,2512041330,,2512041330,,h,1,Bauarbeiten,,,,,,,1.0,1.0
-9211915764519065279-2512041213-15,17654,2512041320,2512041321,2,,RE,14b,Freudenstadt Hbf|Grüntal-Wittlensweiler|Dornstetten-Aach|Dornstetten|Schopfloch(b Freudenstadt)|Bittelbronn|Horb-Heiligenfeld|Hochdorf(b Horb)|Eutingen Nord|Eutingen im Gäu|Ergenzingen|Bondorf(b Herrenberg)|Gäufelden|Herrenberg,8001055,Böblingen,Baden-Württemberg,Böblingen,71034,9.004531864,48.68784871,3,2512041329,,2512041329,,c,,,,,,,,,9.0,8.0
-6979903820146248028-2512041334-1,7035,,2512041334,,,S,60,,8001055,Böblingen,Baden-Württemberg,Böblingen,71034,9.004531864,48.68784871,3,,,2512041334,,,,,,,,,,,0.0,0.0
-1936486939046904827-2512041331-6,7734,2512041345,2512041345,3,,S,1,Herrenberg|Nufringen|Gärtringen|Ehningen(b Böblingen)|Hulb,8001055,Böblingen,Baden-Württemberg,Böblingen,71034,9.004531864,48.68784871,3,2512041346,,2512041347,,h,1,Bauarbeiten,,,,,,,1.0,2.0
6860077973327279202-2512041316-6,7136,2512041330,2512041330,3,,S,1,Herrenberg|Nufringen|Gärtringen|Ehningen(b Böblingen)|Hulb,8001055,Böblingen,Baden-Württemberg,Böblingen,71034,9.004531864,48.68784871,3,2512041335,,2512041337,,h,1,Bauarbeiten,,,,,,,5.0,7.0
6406318432251840082-2512041239-16,7034,2512041326,,5,,S,,Stuttgart-Feuerbach|Stuttgart-Zuffenhausen|Neuwirtshaus(Porscheplatz)|Korntal|Weilimdorf|Ditzingen|Höfingen|Leonberg|Rutesheim|Renningen|Renningen Süd|Magstadt|Maichingen Nord|Maichingen|Sindelfingen,8001055,Böblingen,Baden-Württemberg,Böblingen,71034,9.004531864,48.68784871,3,2512041328,,,,,,,,,,,,,2.0,0.0
1692997485605395662-2512041250-24,7135,2512041359,2512041359,4,,S,1,Kirchheim(Teck)|Kirchheim(Teck)-Ötlingen|Wendlingen(Neckar)|Wernau(Neckar)|Plochingen|Altbach|Esslingen-Zell|Oberesslingen|Esslingen(Neckar)|Esslingen-Mettingen|Stuttgart-Obertürkheim|Stuttgart-Untertürkheim|Stuttgart Neckarpark|Stuttgart-Bad Cannstatt|Stuttgart Hbf (tief)|Stuttgart Stadtmitte|Stuttgart Feuersee|Stuttgart Schwabstr.|Stuttgart Universität|Stuttgart-Österfeld|Stuttgart-Vaihingen|Stuttgart-Rohr|Goldberg(Württ),8001055,Böblingen,Baden-Württemberg,Böblingen,71034,9.004531864,48.68784871,3,2512041359,,2512041359,,h,1,Bauarbeiten,,,,,,,0.0,0.0
8154109354870610873-2512041317-2,50487,2512041337,2512041338,5,,RE,87,Stuttgart Hbf,8001055,Böblingen,Baden-Württemberg,Böblingen,71034,9.004531864,48.68784871,3,2512041344,,2512041344,,h,1,Information,,,,,,,7.0,6.0
-5490041423935091879-2512041246-6,7134,2512041300,2512041300,3,,S,1,Herrenberg|Nufringen|Gärtringen|Ehningen(b Böblingen)|Hulb,8001055,Böblingen,Baden-Württemberg,Böblingen,71034,9.004531864,48.68784871,3,2512041300,,2512041301,,h,1,Bauarbeiten,,,,,,,0.0,1.0
-6736509556138660402-2512041304-1,7033,,2512041304,,,S,60,,8001055,Böblingen,Baden-Württemberg,Böblingen,71034,9.004531864,48.68784871,3,,,2512041304,,,,,,,,,,,0.0,0.0
-2152480262016864945-2512041037-7,280,2512041309,2512041311,2,,IC,,Zürich HB|Schaffhausen|Singen(Hohentwiel)|Tuttlingen|Rottweil|Horb,8001055,Böblingen,Baden-Württemberg,Böblingen,71034,9.004531864,48.68784871,3,2512041323,,2512041324,,h,1,Information,,,,,,,14.0,13.0
-5031762437356954887-2512041309-1,17641,,2512041309,,,RB,14a,,8001055,Böblingen,Baden-Württemberg,Böblingen,71034,9.004531864,48.68784871,3,,,2512041309,2,,,,,,,,,,0.0,0.0
7518032931546581607-2512041202-10,17652,2512041320,2512041321,2,,RE,14a,Rottweil|Oberndorf(Neckar)|Sulz(Neckar)|Horb|Eutingen im Gäu|Ergenzingen|Bondorf(b Herrenberg)|Gäufelden|Herrenberg,8001055,Böblingen,Baden-Württemberg,Böblingen,71034,9.004531864,48.68784871,3,2512041329,,2512041329,,c,,,,,,,,,9.0,8.0
9220221134919700364-2512041305-4,7733,2512041314,2512041314,4,,S,1,Stuttgart-Vaihingen|Stuttgart-Rohr|Goldberg(Württ),8001055,Böblingen,Baden-Württemberg,Böblingen,71034,9.004531864,48.68784871,3,2512041316,,2512041316,,h,1,Bauarbeiten,,,,,,,2.0,2.0
-3357476612343189405-2512041309-16,7036,2512041356,,5,,S,,Stuttgart-Feuerbach|Stuttgart-Zuffenhausen|Neuwirtshaus(Porscheplatz)|Korntal|Weilimdorf|Ditzingen|Höfingen|Leonberg|Rutesheim|Renningen|Renningen Süd|Magstadt|Maichingen Nord|Maichingen|Sindelfingen,8001055,Böblingen,Baden-Württemberg,Böblingen,71034,9.004531864,48.68784871,3,2512041359,,,,,,,,,,,,,3.0,0.0
5925841418672271349-2512041335-4,7735,2512041344,2512041344,4,,S,1,Stuttgart-Vaihingen|Stuttgart-Rohr|Goldberg(Württ),8001055,Böblingen,Baden-Württemberg,Böblingen,71034,9.004531864,48.68784871,3,2512041348,,2512041349,,h,1,Bauarbeiten,,,,,,,4.0,5.0
636241588771924637-2512041136-5,50280,2512041309,2512041311,2,,RE,87,Singen(Hohentwiel)|Tuttlingen|Rottweil|Horb,8001055,Böblingen,Baden-Württemberg,Böblingen,71034,9.004531864,48.68784871,3,2512041323,,2512041324,,,,,,,,,,,14.0,13.0
-2633067915589677226-2512041317-2,487,2512041337,2512041338,5,,IC,,Stuttgart Hbf,8001055,Böblingen,Baden-Württemberg,Böblingen,71034,9.004531864,48.68784871,3,2512041344,,2512041344,,h,1,Information,,,,,,,7.0,6.0
-8244462081615470367-2512041234-11,7031,2512041309,2512041309,3,,S,60,Böblingen|Sindelfingen|Maichingen|Maichingen Nord|Magstadt|Renningen Süd|Renningen|Rutesheim|Leonberg|Höfingen,8001476,Ditzingen,Baden-Württemberg,Ditzingen,71254,9.067095186,48.82358726,4,2512041309,,2512041309,,,,,,,,,,,0.0,0.0
-661438075088023210-2512041242-11,7630,2512041306,2512041306,2,,S,6,Stuttgart Schwabstr.|Stuttgart Feuersee|Stuttgart Stadtmitte|Stuttgart Hbf (tief)|Stuttgart Nord|Stuttgart-Feuerbach|Stuttgart-Zuffenhausen|Neuwirtshaus(Porscheplatz)|Korntal|Weilimdorf,8001476,Ditzingen,Baden-Württemberg,Ditzingen,71254,9.067095186,48.82358726,4,2512041314,,2512041314,,h,1,Bauarbeiten,,,,,,,8.0,8.0
-6618548157105238962-2512041333-7,7637,2512041354,2512041354,3,,S,6,Weil der Stadt|Malmsheim|Renningen|Rutesheim|Leonberg|Höfingen,8001476,Ditzingen,Baden-Württemberg,Ditzingen,71254,9.067095186,48.82358726,4,2512041354,,2512041355,,h,1,Bauarbeiten,,,,,,,0.0,1.0
-6266903130374520756-2512041312-11,7632,2512041336,2512041336,2,,S,6,Stuttgart Schwabstr.|Stuttgart Feuersee|Stuttgart Stadtmitte|Stuttgart Hbf (tief)|Stuttgart Nord|Stuttgart-Feuerbach|Stuttgart-Zuffenhausen|Neuwirtshaus(Porscheplatz)|Korntal|Weilimdorf,8001476,Ditzingen,Baden-Württemberg,Ditzingen,71254,9.067095186,48.82358726,4,2512041341,,2512041341,,h,1,Bauarbeiten,,,,,,,5.0,5.0
-4671468548274859337-2512041248-7,7931,2512041309,2512041309,3,,S,6,Weil der Stadt|Malmsheim|Renningen|Rutesheim|Leonberg|Höfingen,8001476,Ditzingen,Baden-Württemberg,Ditzingen,71254,9.067095186,48.82358726,4,2512041309,,2512041309,,,,,,,,,,,0.0,0.0
-6736509556138660402-2512041304-11,7033,2512041339,2512041339,3,,S,60,Böblingen|Sindelfingen|Maichingen|Maichingen Nord|Magstadt|Renningen Süd|Renningen|Rutesheim|Leonberg|Höfingen,8001476,Ditzingen,Baden-Württemberg,Ditzingen,71254,9.067095186,48.82358726,4,2512041339,,2512041340,,,,,,,,,,,0.0,1.0
-7683922748438555510-2512041303-7,7635,2512041324,2512041324,3,,S,6,Weil der Stadt|Malmsheim|Renningen|Rutesheim|Leonberg|Höfingen,8001476,Ditzingen,Baden-Württemberg,Ditzingen,71254,9.067095186,48.82358726,4,2512041327,,2512041328,,h,1,Bauarbeiten,,,,,,,3.0,4.0
-5532415123701834684-2512041339-6,7938,2512041351,2512041351,2,,S,6,Stuttgart-Feuerbach|Stuttgart-Zuffenhausen|Neuwirtshaus(Porscheplatz)|Korntal|Weilimdorf,8001476,Ditzingen,Baden-Württemberg,Ditzingen,71254,9.067095186,48.82358726,4,2512041354,,2512041355,,,,,,,,,,,3.0,4.0
-3357476612343189405-2512041309-6,7036,2512041321,2512041321,2,,S,60,Stuttgart-Feuerbach|Stuttgart-Zuffenhausen|Neuwirtshaus(Porscheplatz)|Korntal|Weilimdorf,8001476,Ditzingen,Baden-Württemberg,Ditzingen,71254,9.067095186,48.82358726,4,2512041322,,2512041322,,,,,,,,,,,1.0,1.0
4811093792071374983-2512041318-7,7933,2512041339,2512041339,3,,S,6,Weil der Stadt|Malmsheim|Renningen|Rutesheim|Leonberg|Höfingen,8001476,Ditzingen,Baden-Württemberg,Ditzingen,71254,9.067095186,48.82358726,4,2512041339,,2512041340,,,,,,,,,,,0.0,1.0
-117664068110103176-2512041339-6,7038,2512041351,2512041351,2,,S,60,Stuttgart-Feuerbach|Stuttgart-Zuffenhausen|Neuwirtshaus(Porscheplatz)|Korntal|Weilimdorf,8001476,Ditzingen,Baden-Württemberg,Ditzingen,71254,9.067095186,48.82358726,4,2512041354,,2512041355,,,,,,,,,,,3.0,4.0
6635133046999028508-2512041309-6,7936,2512041321,2512041321,2,,S,6,Stuttgart-Feuerbach|Stuttgart-Zuffenhausen|Neuwirtshaus(Porscheplatz)|Korntal|Weilimdorf,8001476,Ditzingen,Baden-Württemberg,Ditzingen,71254,9.067095186,48.82358726,4,2512041322,,2512041322,,,,,,,,,,,1.0,1.0
3993915534975484274-2512041333-3,56034,2512041340,2512041340,2,,S,2,Filderstadt|Stuttgart Flughafen/Messe,8001650,Echterdingen,Baden-Württemberg,Echterdingen,70771,9.169307175,48.69214787,4,2512041340,,2512041341,,,,,,,,,,,0.0,1.0
-7145620013091648078-2512041311-12,56113,2512041339,2512041340,1,,S,3,Stuttgart-Bad Cannstatt|Stuttgart Hbf (tief)|Stuttgart Stadtmitte|Stuttgart Feuersee|Stuttgart Schwabstr.|Stuttgart Universität|Stuttgart-Österfeld|Stuttgart-Vaihingen|Stuttgart-Rohr|Oberaichen|Leinfelden,8001650,Echterdingen,Baden-Württemberg,Echterdingen,70771,9.169307175,48.69214787,4,2512041340,,2512041340,,,,,,,,,,,1.0,0.0
7061212763636631939-2512041251-12,56033,2512041319,2512041320,1,,S,2,Stuttgart-Bad Cannstatt|Stuttgart Hbf (tief)|Stuttgart Stadtmitte|Stuttgart Feuersee|Stuttgart Schwabstr.|Stuttgart Universität|Stuttgart-Österfeld|Stuttgart-Vaihingen|Stuttgart-Rohr|Oberaichen|Leinfelden,8001650,Echterdingen,Baden-Württemberg,Echterdingen,70771,9.169307175,48.69214787,4,2512041321,,2512041321,,,,,,,,,,,2.0,1.0
-365780276574415312-2512041241-12,56111,2512041309,2512041310,1,,S,3,Stuttgart-Bad Cannstatt|Stuttgart Hbf (tief)|Stuttgart Stadtmitte|Stuttgart Feuersee|Stuttgart Schwabstr.|Stuttgart Universität|Stuttgart-Österfeld|Stuttgart-Vaihingen|Stuttgart-Rohr|Oberaichen|Leinfelden,8001650,Echterdingen,Baden-Württemberg,Echterdingen,70771,9.169307175,48.69214787,4,2512041310,,2512041311,,,,,,,,,,,1.0,1.0
-2627990392458637808-2512041348-2,56116,2512041350,2512041350,2,,S,3,Stuttgart Flughafen/Messe,8001650,Echterdingen,Baden-Württemberg,Echterdingen,70771,9.169307175,48.69214787,4,2512041350,,2512041350,,,,,,,,,,,0.0,0.0
-4511803896361159245-2512041318-2,56114,2512041320,2512041320,2,,S,3,Stuttgart Flughafen/Messe,8001650,Echterdingen,Baden-Württemberg,Echterdingen,70771,9.169307175,48.69214787,4,2512041320,,2512041320,,,,,,,,,,,0.0,0.0
-288669336801421707-2512041303-3,56032,2512041310,2512041310,2,,S,2,Filderstadt|Stuttgart Flughafen/Messe,8001650,Echterdingen,Baden-Württemberg,Echterdingen,70771,9.169307175,48.69214787,4,2512041310,,2512041310,,,,,,,,,,,0.0,0.0
107482304069760705-2512041321-12,56035,2512041349,2512041350,1,,S,2,Stuttgart-Bad Cannstatt|Stuttgart Hbf (tief)|Stuttgart Stadtmitte|Stuttgart Feuersee|Stuttgart Schwabstr.|Stuttgart Universität|Stuttgart-Österfeld|Stuttgart-Vaihingen|Stuttgart-Rohr|Oberaichen|Leinfelden,8001650,Echterdingen,Baden-Württemberg,Echterdingen,70771,9.169307175,48.69214787,4,2512041353,,2512041354,,,,,,,,,,,4.0,4.0
-6319936848544854600-2512041220-26,7133,2512041334,2512041334,2,,S,1,Kirchheim(Teck)|Kirchheim(Teck)-Ötlingen|Wendlingen(Neckar)|Wernau(Neckar)|Plochingen|Altbach|Esslingen-Zell|Oberesslingen|Esslingen(Neckar)|Esslingen-Mettingen|Stuttgart-Obertürkheim|Stuttgart-Untertürkheim|Stuttgart Neckarpark|Stuttgart-Bad Cannstatt|Stuttgart Hbf (tief)|Stuttgart Stadtmitte|Stuttgart Feuersee|Stuttgart Schwabstr.|Stuttgart Universität|Stuttgart-Österfeld|Stuttgart-Vaihingen|Stuttgart-Rohr|Goldberg(Württ)|Böblingen|Hulb,8001689,Ehningen (b Böblingen),Baden-Württemberg,Ehningen,71139,8.944310368,48.66275549,4,2512041335,,2512041336,,h,1,Bauarbeiten,,,,,,,1.0,2.0
-1936486939046904827-2512041331-4,7734,2512041340,2512041340,1,,S,1,Herrenberg|Nufringen|Gärtringen,8001689,Ehningen (b Böblingen),Baden-Württemberg,Ehningen,71139,8.944310368,48.66275549,4,2512041341,,2512041341,,h,1,Bauarbeiten,,,,,,,1.0,1.0
6860077973327279202-2512041316-4,7136,2512041325,2512041325,1,,S,1,Herrenberg|Nufringen|Gärtringen,8001689,Ehningen (b Böblingen),Baden-Württemberg,Ehningen,71139,8.944310368,48.66275549,4,2512041330,,2512041330,,h,1,Bauarbeiten,,,,,,,5.0,5.0
4736637014602700336-2512041150-26,7131,2512041304,2512041304,2,,S,1,Kirchheim(Teck)|Kirchheim(Teck)-Ötlingen|Wendlingen(Neckar)|Wernau(Neckar)|Plochingen|Altbach|Esslingen-Zell|Oberesslingen|Esslingen(Neckar)|Esslingen-Mettingen|Stuttgart-Obertürkheim|Stuttgart-Untertürkheim|Stuttgart Neckarpark|Stuttgart-Bad Cannstatt|Stuttgart Hbf (tief)|Stuttgart Stadtmitte|Stuttgart Feuersee|Stuttgart Schwabstr.|Stuttgart Universität|Stuttgart-Österfeld|Stuttgart-Vaihingen|Stuttgart-Rohr|Goldberg(Württ)|Böblingen|Hulb,8001689,Ehningen (b Böblingen),Baden-Württemberg,Ehningen,71139,8.944310368,48.66275549,4,2512041310,,2512041310,,h,1,Bauarbeiten,,,,,,,6.0,6.0
6042905361873535715-2512041346-4,7138,2512041355,2512041355,1,,S,1,Herrenberg|Nufringen|Gärtringen,8001689,Ehningen (b Böblingen),Baden-Württemberg,Ehningen,71139,8.944310368,48.66275549,4,2512041356,,2512041356,,h,1,Bauarbeiten,,,,,,,1.0,1.0
9220221134919700364-2512041305-6,7733,2512041319,2512041319,2,,S,1,Stuttgart-Vaihingen|Stuttgart-Rohr|Goldberg(Württ)|Böblingen|Hulb,8001689,Ehningen (b Böblingen),Baden-Württemberg,Ehningen,71139,8.944310368,48.66275549,4,2512041321,,2512041321,,h,1,Bauarbeiten,,,,,,,2.0,2.0
5925841418672271349-2512041335-6,7735,2512041349,2512041349,2,,S,1,Stuttgart-Vaihingen|Stuttgart-Rohr|Goldberg(Württ)|Böblingen|Hulb,8001689,Ehningen (b Böblingen),Baden-Württemberg,Ehningen,71139,8.944310368,48.66275549,4,2512041353,,2512041354,,h,1,Bauarbeiten,,,,,,,4.0,5.0
6223730688488220237-2512041318-7,7237,2512041332,2512041332,3,,S,2,Schorndorf|Weiler(Rems)|Winterbach(b Schorndorf)|Geradstetten|Grunbach|Beutelsbach,8001785,Endersbach,Baden-Württemberg,Weinstadt,71384,9.370192421,48.81317323,4,2512041333,,2512041333,,,,,,,,,,,1.0,1.0
-2770168325908074713-2512041248-7,7235,2512041302,2512041302,3,,S,2,Schorndorf|Weiler(Rems)|Winterbach(b Schorndorf)|Geradstetten|Grunbach|Beutelsbach,8001785,Endersbach,Baden-Württemberg,Weinstadt,71384,9.370192421,48.81317323,4,2512041302,,2512041303,,,,,,,,,,,0.0,1.0
2585056089149631421-2512041320-4,7230,2512041326,2512041326,2,,S,2,Waiblingen|Rommelshausen|Stetten-Beinstein,8001785,Endersbach,Baden-Württemberg,Weinstadt,71384,9.370192421,48.81317323,4,2512041326,,2512041326,,,,,,,,,,,0.0,0.0
-796422872490314153-2512041350-4,7232,2512041356,2512041356,2,,S,2,Waiblingen|Rommelshausen|Stetten-Beinstein,8001785,Endersbach,Baden-Württemberg,Weinstadt,71384,9.370192421,48.81317323,4,2512041357,,2512041358,,,,,,,,,,,1.0,2.0
467631948029280047-2512040830-10,225,2512041329,2512041334,,,ICE,,Amsterdam Centraal|Utrecht Centraal|Arnhem Centraal|Duisburg Hbf|Düsseldorf Hbf|Köln Messe/Deutz Gl.11-12|Siegburg/Bonn|Frankfurt(M) Flughafen Fernbf|Mannheim Hbf,8001920,Esslingen (Neckar),Baden-Württemberg,Esslingen am Neckar,73728,9.300578149,48.73854148,3,2512041334,5,2512041336,5,h,1,Störung,,,,,,,5.0,2.0
-7154120026866727774-2512041145-8,4214,2512041309,2512041310,3,,RE,5,Biberach(Riß) Süd|Biberach(Riß)|Laupheim West|Ulm Hbf|Geislingen(Steige)|Göppingen|Plochingen,8001920,Esslingen (Neckar),Baden-Württemberg,Esslingen am Neckar,73728,9.300578149,48.73854148,3,2512041311,,2512041313,,h,2,Information,,,,,,,2.0,3.0
4844064976280640565-2512041136-24,19319,2512041336,2512041337,8,,MEX,18,Osterburken|Adelsheim Ost|Sennfeld|Roigheim|Möckmühl|Züttlingen|Siglingen|Neudenau|Herbolzheim(Jagst)|Untergriesheim|Bad Friedrichshall Hbf|Neckarsulm|Heilbronn Sülmertor|Heilbronn Hbf|Nordheim(Württ)|Lauffen(Neckar)|Kirchheim(Neckar)|Walheim(Württ)|Besigheim|Bietigheim-Bissingen|Ludwigsburg|Stuttgart Hbf|Stuttgart-Bad Cannstatt,8001920,Esslingen (Neckar),Baden-Württemberg,Esslingen am Neckar,73728,9.300578149,48.73854148,3,2512041346,6,2512041347,6,c,,,,,,,,,10.0,10.0
6288693472489437119-2512041339-2,4219,2512041348,2512041349,5,,RE,5,Stuttgart Hbf,8001920,Esslingen (Neckar),Baden-Württemberg,Esslingen am Neckar,73728,9.300578149,48.73854148,3,2512041352,8,2512041352,8,h,2,Information,,,,,,,4.0,3.0
-1055706884727263053-2512041248-14,19142,2512041340,2512041340,3,,MEX,16,Geislingen(Steige)|Geislingen(Steige)West|Kuchen|Gingen(Fils)|Süßen|Salach|Eislingen(Fils)|Göppingen|Faurndau|Uhingen|Ebersbach(Fils)|Reichenbach(Fils)|Plochingen,8001920,Esslingen (Neckar),Baden-Württemberg,Esslingen am Neckar,73728,9.300578149,48.73854148,3,2512041341,,2512041342,,,,,,,,,,,1.0,2.0
1489000931947209853-2512041258-4,19318,2512041318,2512041318,3,,MEX,18,Nürtingen|Wendlingen(Neckar)|Plochingen,8001920,Esslingen (Neckar),Baden-Württemberg,Esslingen am Neckar,73728,9.300578149,48.73854148,3,2512041320,,2512041321,,,,,,,,,,,2.0,3.0
5941834571298649161-2512041320-9,7137,2512041347,2512041348,7,,S,1,Kirchheim(Teck)|Kirchheim(Teck)-Ötlingen|Wendlingen(Neckar)|Wernau(Neckar)|Plochingen|Altbach|Esslingen-Zell|Oberesslingen,8001920,Esslingen (Neckar),Baden-Württemberg,Esslingen am Neckar,73728,9.300578149,48.73854148,3,2512041347,,2512041348,,h,1,Bauarbeiten,,,,,,,0.0,0.0
1692997485605395662-2512041250-9,7135,2512041317,2512041318,7,,S,1,Kirchheim(Teck)|Kirchheim(Teck)-Ötlingen|Wendlingen(Neckar)|Wernau(Neckar)|Plochingen|Altbach|Esslingen-Zell|Oberesslingen,8001920,Esslingen (Neckar),Baden-Württemberg,Esslingen am Neckar,73728,9.300578149,48.73854148,3,2512041318,,2512041319,,h,1,Bauarbeiten,,,,,,,1.0,1.0
-5490041423935091879-2512041246-21,7134,2512041342,2512041342,8,,S,1,Herrenberg|Nufringen|Gärtringen|Ehningen(b Böblingen)|Hulb|Böblingen|Goldberg(Württ)|Stuttgart-Rohr|Stuttgart-Vaihingen|Stuttgart-Österfeld|Stuttgart Universität|Stuttgart Schwabstr.|Stuttgart Feuersee|Stuttgart Stadtmitte|Stuttgart Hbf (tief)|Stuttgart-Bad Cannstatt|Stuttgart Neckarpark|Stuttgart-Untertürkheim|Stuttgart-Obertürkheim|Esslingen-Mettingen,8001920,Esslingen (Neckar),Baden-Württemberg,Esslingen am Neckar,73728,9.300578149,48.73854148,3,2512041343,,2512041344,,h,1,Bauarbeiten,,,,,,,1.0,2.0
-700024245818587928-2512041303-3,19143,2512041317,2512041320,5,,MEX,16,Stuttgart Hbf|Stuttgart-Bad Cannstatt,8001920,Esslingen (Neckar),Baden-Württemberg,Esslingen am Neckar,73728,9.300578149,48.73854148,3,2512041317,,2512041320,,,,,,,,,,,0.0,0.0
-4982644085739770299-2512041157-11,19223,2512041304,2512041305,2,,MEX,12,Heilbronn Hbf|Nordheim(Württ)|Lauffen(Neckar)|Kirchheim(Neckar)|Walheim(Württ)|Besigheim|Bietigheim-Bissingen|Ludwigsburg|Stuttgart Hbf|Stuttgart-Bad Cannstatt,8001920,Esslingen (Neckar),Baden-Württemberg,Esslingen am Neckar,73728,9.300578149,48.73854148,3,2512041326,6,2512041327,6,c,,,,,,,,,22.0,22.0
6816789827706060315-2512041333-5,19232,2512041354,2512041354,3,,MEX,12,Nürtingen|Oberboihingen|Wendlingen(Neckar)|Plochingen,8001920,Esslingen (Neckar),Baden-Württemberg,Esslingen am Neckar,73728,9.300578149,48.73854148,3,2512041354,,2512041354,,,,,,,,,,,0.0,0.0
3410717060998267101-2512041216-21,7132,2512041312,2512041312,8,,S,1,Herrenberg|Nufringen|Gärtringen|Ehningen(b Böblingen)|Hulb|Böblingen|Goldberg(Württ)|Stuttgart-Rohr|Stuttgart-Vaihingen|Stuttgart-Österfeld|Stuttgart Universität|Stuttgart Schwabstr.|Stuttgart Feuersee|Stuttgart Stadtmitte|Stuttgart Hbf (tief)|Stuttgart-Bad Cannstatt|Stuttgart Neckarpark|Stuttgart-Untertürkheim|Stuttgart-Obertürkheim|Esslingen-Mettingen,8001920,Esslingen (Neckar),Baden-Württemberg,Esslingen am Neckar,73728,9.300578149,48.73854148,3,2512041316,,2512041317,,h,1,Bauarbeiten,,,,,,,4.0,5.0
5941834571298649161-2512041320-10,7137,2512041350,2512041350,3,,S,1,Kirchheim(Teck)|Kirchheim(Teck)-Ötlingen|Wendlingen(Neckar)|Wernau(Neckar)|Plochingen|Altbach|Esslingen-Zell|Oberesslingen|Esslingen(Neckar),8001921,Esslingen-Mettingen,Baden-Württemberg,Esslingen am Neckar,73733,9.275799007,48.74696655,3,2512041350,,2512041351,,h,1,Bauarbeiten,,,,,,,0.0,1.0
1692997485605395662-2512041250-10,7135,2512041320,2512041320,3,,S,1,Kirchheim(Teck)|Kirchheim(Teck)-Ötlingen|Wendlingen(Neckar)|Wernau(Neckar)|Plochingen|Altbach|Esslingen-Zell|Oberesslingen|Esslingen(Neckar),8001921,Esslingen-Mettingen,Baden-Württemberg,Esslingen am Neckar,73733,9.275799007,48.74696655,3,2512041320,,2512041321,,h,1,Bauarbeiten,,,,,,,0.0,1.0
-5490041423935091879-2512041246-20,7134,2512041339,2512041339,4,,S,1,Herrenberg|Nufringen|Gärtringen|Ehningen(b Böblingen)|Hulb|Böblingen|Goldberg(Württ)|Stuttgart-Rohr|Stuttgart-Vaihingen|Stuttgart-Österfeld|Stuttgart Universität|Stuttgart Schwabstr.|Stuttgart Feuersee|Stuttgart Stadtmitte|Stuttgart Hbf (tief)|Stuttgart-Bad Cannstatt|Stuttgart Neckarpark|Stuttgart-Untertürkheim|Stuttgart-Obertürkheim,8001921,Esslingen-Mettingen,Baden-Württemberg,Esslingen am Neckar,73733,9.275799007,48.74696655,3,2512041341,,2512041341,,h,1,Bauarbeiten,,,,,,,2.0,2.0
3410717060998267101-2512041216-20,7132,2512041309,2512041309,4,,S,1,Herrenberg|Nufringen|Gärtringen|Ehningen(b Böblingen)|Hulb|Böblingen|Goldberg(Württ)|Stuttgart-Rohr|Stuttgart-Vaihingen|Stuttgart-Österfeld|Stuttgart Universität|Stuttgart Schwabstr.|Stuttgart Feuersee|Stuttgart Stadtmitte|Stuttgart Hbf (tief)|Stuttgart-Bad Cannstatt|Stuttgart Neckarpark|Stuttgart-Untertürkheim|Stuttgart-Obertürkheim,8001921,Esslingen-Mettingen,Baden-Württemberg,Esslingen am Neckar,73733,9.275799007,48.74696655,3,2512041313,,2512041314,,h,1,Bauarbeiten,,,,,,,4.0,5.0
5941834571298649161-2512041320-7,7137,2512041342,2512041342,3,,S,1,Kirchheim(Teck)|Kirchheim(Teck)-Ötlingen|Wendlingen(Neckar)|Wernau(Neckar)|Plochingen|Altbach,8006642,Esslingen-Zell,Baden-Württemberg,Esslingen am Neckar,73730,9.359739507,48.72436142,3,2512041342,,2512041343,,h,1,Bauarbeiten,,,,,,,0.0,1.0
1692997485605395662-2512041250-7,7135,2512041312,2512041312,3,,S,1,Kirchheim(Teck)|Kirchheim(Teck)-Ötlingen|Wendlingen(Neckar)|Wernau(Neckar)|Plochingen|Altbach,8006642,Esslingen-Zell,Baden-Württemberg,Esslingen am Neckar,73730,9.359739507,48.72436142,3,2512041312,,2512041313,,h,1,Bauarbeiten,,,,,,,0.0,1.0
-5490041423935091879-2512041246-23,7134,2512041347,2512041347,4,,S,1,Herrenberg|Nufringen|Gärtringen|Ehningen(b Böblingen)|Hulb|Böblingen|Goldberg(Württ)|Stuttgart-Rohr|Stuttgart-Vaihingen|Stuttgart-Österfeld|Stuttgart Universität|Stuttgart Schwabstr.|Stuttgart Feuersee|Stuttgart Stadtmitte|Stuttgart Hbf (tief)|Stuttgart-Bad Cannstatt|Stuttgart Neckarpark|Stuttgart-Untertürkheim|Stuttgart-Obertürkheim|Esslingen-Mettingen|Esslingen(Neckar)|Oberesslingen,8006642,Esslingen-Zell,Baden-Württemberg,Esslingen am Neckar,73730,9.359739507,48.72436142,3,2512041349,,2512041349,,h,1,Bauarbeiten,,,,,,,2.0,2.0
3410717060998267101-2512041216-23,7132,2512041317,2512041317,4,,S,1,Herrenberg|Nufringen|Gärtringen|Ehningen(b Böblingen)|Hulb|Böblingen|Goldberg(Württ)|Stuttgart-Rohr|Stuttgart-Vaihingen|Stuttgart-Österfeld|Stuttgart Universität|Stuttgart Schwabstr.|Stuttgart Feuersee|Stuttgart Stadtmitte|Stuttgart Hbf (tief)|Stuttgart-Bad Cannstatt|Stuttgart Neckarpark|Stuttgart-Untertürkheim|Stuttgart-Obertürkheim|Esslingen-Mettingen|Esslingen(Neckar)|Oberesslingen,8006642,Esslingen-Zell,Baden-Württemberg,Esslingen am Neckar,73730,9.359739507,48.72436142,3,2512041322,,2512041322,,h,1,Bauarbeiten,,,,,,,5.0,5.0
-8940297413789405434-2512041317-10,28402,2512041341,2512041341,1,,S,4,Stuttgart Schwabstr.|Stuttgart Feuersee|Stuttgart Stadtmitte|Stuttgart Hbf (tief)|Stuttgart Nord|Stuttgart-Feuerbach|Stuttgart-Zuffenhausen|Kornwestheim Pbf|Ludwigsburg,8001967,Favoritepark,Baden-Württemberg,Ludwigsburg,71634,9.180574277,48.90948451,5,2512041343,,2512041343,,h,1,Bauarbeiten,,,,,,,2.0,2.0
6555495071308560297-2512041310-4,28399,2512041318,2512041318,2,,S,4,Marbach(Neckar)|Benningen(Neckar)|Freiberg(Neckar),8001967,Favoritepark,Baden-Württemberg,Ludwigsburg,71634,9.180574277,48.90948451,5,2512041322,,2512041323,,h,1,Bauarbeiten,,,,,,,4.0,5.0
-4525949924591958884-2512041332-10,7432,2512041356,2512041356,1,,S,4,Stuttgart Schwabstr.|Stuttgart Feuersee|Stuttgart Stadtmitte|Stuttgart Hbf (tief)|Stuttgart Nord|Stuttgart-Feuerbach|Stuttgart-Zuffenhausen|Kornwestheim Pbf|Ludwigsburg,8001967,Favoritepark,Baden-Württemberg,Ludwigsburg,71634,9.180574277,48.90948451,5,2512041357,,2512041357,,h,1,Bauarbeiten,,,,,,,1.0,1.0
-5995002106705392995-2512041247-10,28400,2512041311,2512041311,1,,S,4,Stuttgart Schwabstr.|Stuttgart Feuersee|Stuttgart Stadtmitte|Stuttgart Hbf (tief)|Stuttgart Nord|Stuttgart-Feuerbach|Stuttgart-Zuffenhausen|Kornwestheim Pbf|Ludwigsburg,8001967,Favoritepark,Baden-Württemberg,Ludwigsburg,71634,9.180574277,48.90948451,5,2512041315,,2512041316,,h,1,Bauarbeiten,,,,,,,4.0,5.0
-5817753767787077907-2512041255-4,7433,2512041303,2512041303,2,,S,4,Marbach(Neckar)|Benningen(Neckar)|Freiberg(Neckar),8001967,Favoritepark,Baden-Württemberg,Ludwigsburg,71634,9.180574277,48.90948451,5,2512041303,,2512041304,,h,1,Bauarbeiten,,,,,,,0.0,1.0
4907785515978563886-2512041302-10,7430,2512041326,2512041326,1,,S,4,Stuttgart Schwabstr.|Stuttgart Feuersee|Stuttgart Stadtmitte|Stuttgart Hbf (tief)|Stuttgart Nord|Stuttgart-Feuerbach|Stuttgart-Zuffenhausen|Kornwestheim Pbf|Ludwigsburg,8001967,Favoritepark,Baden-Württemberg,Ludwigsburg,71634,9.180574277,48.90948451,5,2512041327,,2512041327,,h,1,Bauarbeiten,,,,,,,1.0,1.0
-8143374333923627216-2512041325-4,7435,2512041333,2512041333,2,,S,4,Marbach(Neckar)|Benningen(Neckar)|Freiberg(Neckar),8001967,Favoritepark,Baden-Württemberg,Ludwigsburg,71634,9.180574277,48.90948451,5,2512041334,,2512041334,,h,1,Bauarbeiten,,,,,,,1.0,1.0
7993369286273643102-2512041340-4,28401,2512041348,2512041348,2,,S,4,Marbach(Neckar)|Benningen(Neckar)|Freiberg(Neckar),8001967,Favoritepark,Baden-Württemberg,Ludwigsburg,71634,9.180574277,48.90948451,5,2512041348,,2512041349,,h,1,Bauarbeiten,,,,,,,0.0,1.0
2986443659247538640-2512041327-1,7332,,2512041327,,,S,3,,8001974,Fellbach,Baden-Württemberg,Fellbach,70736,9.270645988,48.8202936,3,,,2512041327,,h,1,Bauarbeiten,,,,,,,0.0,0.0
8402650148385370774-2512041357-1,7334,,2512041357,,,S,3,,8001974,Fellbach,Baden-Württemberg,Fellbach,70736,9.270645988,48.8202936,3,,,2512041357,,h,1,Bauarbeiten,,,,,,,0.0,0.0
3957279639892378053-2512041311-8,7335,2512041332,,1,,S,,Backnang|Maubach|Nellmersbach|Winnenden|Schwaikheim|Neustadt-Hohenacker|Waiblingen,8001974,Fellbach,Baden-Württemberg,Fellbach,70736,9.270645988,48.8202936,3,2512041335,,,,h,1,Bauarbeiten,,,,,,,3.0,0.0
-97699751698418973-2512041241-8,7333,2512041302,,1,,S,,Backnang|Maubach|Nellmersbach|Winnenden|Schwaikheim|Neustadt-Hohenacker|Waiblingen,8001974,Fellbach,Baden-Württemberg,Fellbach,70736,9.270645988,48.8202936,3,2512041304,,,,h,1,Bauarbeiten,,,,,,,2.0,0.0
3993915534975484274-2512041333-2,56034,2512041337,2512041338,2,,S,2,Filderstadt,8005768,Stuttgart Flughafen/Messe,Baden-Württemberg,Leinfelden-Echterdingen,70629,9.193411574,48.69075193,4,2512041337,,2512041339,,,,,,,,,,,0.0,1.0
-7145620013091648078-2512041311-13,56113,2512041342,,1,,S,,Stuttgart-Bad Cannstatt|Stuttgart Hbf (tief)|Stuttgart Stadtmitte|Stuttgart Feuersee|Stuttgart Schwabstr.|Stuttgart Universität|Stuttgart-Österfeld|Stuttgart-Vaihingen|Stuttgart-Rohr|Oberaichen|Leinfelden|Echterdingen,8005768,Stuttgart Flughafen/Messe,Baden-Württemberg,Leinfelden-Echterdingen,70629,9.193411574,48.69075193,4,2512041343,2,,,,,,,,,,,,1.0,0.0
7061212763636631939-2512041251-13,56033,2512041322,2512041323,1,,S,2,Stuttgart-Bad Cannstatt|Stuttgart Hbf (tief)|Stuttgart Stadtmitte|Stuttgart Feuersee|Stuttgart Schwabstr.|Stuttgart Universität|Stuttgart-Österfeld|Stuttgart-Vaihingen|Stuttgart-Rohr|Oberaichen|Leinfelden|Echterdingen,8005768,Stuttgart Flughafen/Messe,Baden-Württemberg,Leinfelden-Echterdingen,70629,9.193411574,48.69075193,4,2512041324,,2512041324,,,,,,,,,,,2.0,1.0
-365780276574415312-2512041241-13,56111,2512041312,,1,,S,,Stuttgart-Bad Cannstatt|Stuttgart Hbf (tief)|Stuttgart Stadtmitte|Stuttgart Feuersee|Stuttgart Schwabstr.|Stuttgart Universität|Stuttgart-Österfeld|Stuttgart-Vaihingen|Stuttgart-Rohr|Oberaichen|Leinfelden|Echterdingen,8005768,Stuttgart Flughafen/Messe,Baden-Württemberg,Leinfelden-Echterdingen,70629,9.193411574,48.69075193,4,2512041313,2,,,,,,,,,,,,1.0,0.0
-2627990392458637808-2512041348-1,56116,,2512041348,,,S,3,,8005768,Stuttgart Flughafen/Messe,Baden-Württemberg,Leinfelden-Echterdingen,70629,9.193411574,48.69075193,4,,,2512041349,2,,,,,,,,,,0.0,1.0
-4511803896361159245-2512041318-1,56114,,2512041318,,,S,3,,8005768,Stuttgart Flughafen/Messe,Baden-Württemberg,Leinfelden-Echterdingen,70629,9.193411574,48.69075193,4,,,2512041318,2,,,,,,,,,,0.0,0.0
-288669336801421707-2512041303-2,56032,2512041307,2512041308,2,,S,2,Filderstadt,8005768,Stuttgart Flughafen/Messe,Baden-Württemberg,Leinfelden-Echterdingen,70629,9.193411574,48.69075193,4,2512041307,,2512041308,,,,,,,,,,,0.0,0.0
107482304069760705-2512041321-13,56035,2512041352,2512041353,1,,S,2,Stuttgart-Bad Cannstatt|Stuttgart Hbf (tief)|Stuttgart Stadtmitte|Stuttgart Feuersee|Stuttgart Schwabstr.|Stuttgart Universität|Stuttgart-Österfeld|Stuttgart-Vaihingen|Stuttgart-Rohr|Oberaichen|Leinfelden|Echterdingen,8005768,Stuttgart Flughafen/Messe,Baden-Württemberg,Leinfelden-Echterdingen,70629,9.193411574,48.69075193,4,2512041356,,2512041356,,,,,,,,,,,4.0,3.0
-8940297413789405434-2512041317-11,28402,2512041344,2512041344,3,,S,4,Stuttgart Schwabstr.|Stuttgart Feuersee|Stuttgart Stadtmitte|Stuttgart Hbf (tief)|Stuttgart Nord|Stuttgart-Feuerbach|Stuttgart-Zuffenhausen|Kornwestheim Pbf|Ludwigsburg|Favoritepark,8002065,Freiberg (Neckar),Baden-Württemberg,Freiberg am Neckar,71691,9.197530085,48.92994974,5,2512041346,,2512041347,,h,1,Bauarbeiten,,,,,,,2.0,3.0
6555495071308560297-2512041310-3,28399,2512041315,2512041316,2,,S,4,Marbach(Neckar)|Benningen(Neckar),8002065,Freiberg (Neckar),Baden-Württemberg,Freiberg am Neckar,71691,9.197530085,48.92994974,5,2512041319,,2512041319,,h,1,Bauarbeiten,,,,,,,4.0,3.0
-4525949924591958884-2512041332-11,7432,2512041359,2512041359,3,,S,4,Stuttgart Schwabstr.|Stuttgart Feuersee|Stuttgart Stadtmitte|Stuttgart Hbf (tief)|Stuttgart Nord|Stuttgart-Feuerbach|Stuttgart-Zuffenhausen|Kornwestheim Pbf|Ludwigsburg|Favoritepark,8002065,Freiberg (Neckar),Baden-Württemberg,Freiberg am Neckar,71691,9.197530085,48.92994974,5,2512041400,,2512041401,,h,1,Bauarbeiten,,,,,,,1.0,2.0
-5995002106705392995-2512041247-11,28400,2512041314,2512041314,3,,S,4,Stuttgart Schwabstr.|Stuttgart Feuersee|Stuttgart Stadtmitte|Stuttgart Hbf (tief)|Stuttgart Nord|Stuttgart-Feuerbach|Stuttgart-Zuffenhausen|Kornwestheim Pbf|Ludwigsburg|Favoritepark,8002065,Freiberg (Neckar),Baden-Württemberg,Freiberg am Neckar,71691,9.197530085,48.92994974,5,2512041319,,2512041319,,h,1,Bauarbeiten,,,,,,,5.0,5.0
-5817753767787077907-2512041255-3,7433,2512041300,2512041301,2,,S,4,Marbach(Neckar)|Benningen(Neckar),8002065,Freiberg (Neckar),Baden-Württemberg,Freiberg am Neckar,71691,9.197530085,48.92994974,5,2512041300,,2512041301,,h,1,Bauarbeiten,,,,,,,0.0,0.0
4907785515978563886-2512041302-11,7430,2512041329,2512041329,3,,S,4,Stuttgart Schwabstr.|Stuttgart Feuersee|Stuttgart Stadtmitte|Stuttgart Hbf (tief)|Stuttgart Nord|Stuttgart-Feuerbach|Stuttgart-Zuffenhausen|Kornwestheim Pbf|Ludwigsburg|Favoritepark,8002065,Freiberg (Neckar),Baden-Württemberg,Freiberg am Neckar,71691,9.197530085,48.92994974,5,2512041330,,2512041330,,h,1,Bauarbeiten,,,,,,,1.0,1.0
-8143374333923627216-2512041325-3,7435,2512041330,2512041331,2,,S,4,Marbach(Neckar)|Benningen(Neckar),8002065,Freiberg (Neckar),Baden-Württemberg,Freiberg am Neckar,71691,9.197530085,48.92994974,5,2512041331,,2512041331,,h,1,Bauarbeiten,,,,,,,1.0,0.0
7993369286273643102-2512041340-3,28401,2512041345,2512041346,2,,S,4,Marbach(Neckar)|Benningen(Neckar),8002065,Freiberg (Neckar),Baden-Württemberg,Freiberg am Neckar,71691,9.197530085,48.92994974,5,2512041346,,2512041346,,h,1,Bauarbeiten,,,,,,,1.0,0.0
-6319936848544854600-2512041220-27,7133,2512041337,2512041337,1,,S,1,Kirchheim(Teck)|Kirchheim(Teck)-Ötlingen|Wendlingen(Neckar)|Wernau(Neckar)|Plochingen|Altbach|Esslingen-Zell|Oberesslingen|Esslingen(Neckar)|Esslingen-Mettingen|Stuttgart-Obertürkheim|Stuttgart-Untertürkheim|Stuttgart Neckarpark|Stuttgart-Bad Cannstatt|Stuttgart Hbf (tief)|Stuttgart Stadtmitte|Stuttgart Feuersee|Stuttgart Schwabstr.|Stuttgart Universität|Stuttgart-Österfeld|Stuttgart-Vaihingen|Stuttgart-Rohr|Goldberg(Württ)|Böblingen|Hulb|Ehningen(b Böblingen),8002165,Gärtringen,Baden-Württemberg,Gärtringen,71116,8.908864487,48.64080021,5,2512041339,,2512041339,,h,1,Bauarbeiten,,,,,,,2.0,2.0
-1936486939046904827-2512041331-3,7734,2512041337,2512041337,2,,S,1,Herrenberg|Nufringen,8002165,Gärtringen,Baden-Württemberg,Gärtringen,71116,8.908864487,48.64080021,5,2512041338,,2512041338,,h,1,Bauarbeiten,,,,,,,1.0,1.0
6860077973327279202-2512041316-3,7136,2512041322,2512041322,2,,S,1,Herrenberg|Nufringen,8002165,Gärtringen,Baden-Württemberg,Gärtringen,71116,8.908864487,48.64080021,5,2512041327,,2512041327,,h,1,Bauarbeiten,,,,,,,5.0,5.0
4736637014602700336-2512041150-27,7131,2512041307,2512041307,1,,S,1,Kirchheim(Teck)|Kirchheim(Teck)-Ötlingen|Wendlingen(Neckar)|Wernau(Neckar)|Plochingen|Altbach|Esslingen-Zell|Oberesslingen|Esslingen(Neckar)|Esslingen-Mettingen|Stuttgart-Obertürkheim|Stuttgart-Untertürkheim|Stuttgart Neckarpark|Stuttgart-Bad Cannstatt|Stuttgart Hbf (tief)|Stuttgart Stadtmitte|Stuttgart Feuersee|Stuttgart Schwabstr.|Stuttgart Universität|Stuttgart-Österfeld|Stuttgart-Vaihingen|Stuttgart-Rohr|Goldberg(Württ)|Böblingen|Hulb|Ehningen(b Böblingen),8002165,Gärtringen,Baden-Württemberg,Gärtringen,71116,8.908864487,48.64080021,5,2512041313,,2512041314,,h,1,Bauarbeiten,,,,,,,6.0,7.0
6042905361873535715-2512041346-3,7138,2512041352,2512041352,2,,S,1,Herrenberg|Nufringen,8002165,Gärtringen,Baden-Württemberg,Gärtringen,71116,8.908864487,48.64080021,5,2512041353,,2512041353,,h,1,Bauarbeiten,,,,,,,1.0,1.0
9220221134919700364-2512041305-7,7733,2512041322,2512041322,1,,S,1,Stuttgart-Vaihingen|Stuttgart-Rohr|Goldberg(Württ)|Böblingen|Hulb|Ehningen(b Böblingen),8002165,Gärtringen,Baden-Württemberg,Gärtringen,71116,8.908864487,48.64080021,5,2512041324,,2512041325,,h,1,Bauarbeiten,,,,,,,2.0,3.0
5925841418672271349-2512041335-7,7735,2512041352,2512041352,1,,S,1,Stuttgart-Vaihingen|Stuttgart-Rohr|Goldberg(Württ)|Böblingen|Hulb|Ehningen(b Böblingen),8002165,Gärtringen,Baden-Württemberg,Gärtringen,71116,8.908864487,48.64080021,5,2512041356,,2512041357,,h,1,Bauarbeiten,,,,,,,4.0,5.0
-5738559480003373388-2512041250-7,7228,2512041302,2512041302,2,,S,2,Waiblingen|Rommelshausen|Stetten-Beinstein|Endersbach|Beutelsbach|Grunbach,8002240,Geradstetten,Baden-Württemberg,Remshalden,73630,9.439522346,48.80527689,5,2512041303,,2512041303,,,,,,,,,,,1.0,1.0
6223730688488220237-2512041318-4,7237,2512041325,2512041326,1,,S,2,Schorndorf|Weiler(Rems)|Winterbach(b Schorndorf),8002240,Geradstetten,Baden-Württemberg,Remshalden,73630,9.439522346,48.80527689,5,2512041326,,2512041327,,,,,,,,,,,1.0,1.0
-8059892926335795903-2512041348-4,7239,2512041355,2512041356,1,,S,2,Schorndorf|Weiler(Rems)|Winterbach(b Schorndorf),8002240,Geradstetten,Baden-Württemberg,Remshalden,73630,9.439522346,48.80527689,5,2512041357,,2512041357,,,,,,,,,,,2.0,1.0
2585056089149631421-2512041320-7,7230,2512041332,2512041332,2,,S,2,Waiblingen|Rommelshausen|Stetten-Beinstein|Endersbach|Beutelsbach|Grunbach,8002240,Geradstetten,Baden-Württemberg,Remshalden,73630,9.439522346,48.80527689,5,2512041332,,2512041333,,,,,,,,,,,0.0,1.0
2445452608426707839-2512041304-3,7732,2512041317,2512041317,2,,S,1,Herrenberg|Böblingen,8005201,Goldberg,Baden-Württemberg,Böblingen,71032,9.019733387,48.69651581,5,2512041321,,2512041321,,h,1,Bauarbeiten,,,,,,,4.0,4.0
-6319936848544854600-2512041220-23,7133,2512041327,2512041327,1,,S,1,Kirchheim(Teck)|Kirchheim(Teck)-Ötlingen|Wendlingen(Neckar)|Wernau(Neckar)|Plochingen|Altbach|Esslingen-Zell|Oberesslingen|Esslingen(Neckar)|Esslingen-Mettingen|Stuttgart-Obertürkheim|Stuttgart-Untertürkheim|Stuttgart Neckarpark|Stuttgart-Bad Cannstatt|Stuttgart Hbf (tief)|Stuttgart Stadtmitte|Stuttgart Feuersee|Stuttgart Schwabstr.|Stuttgart Universität|Stuttgart-Österfeld|Stuttgart-Vaihingen|Stuttgart-Rohr,8005201,Goldberg,Baden-Württemberg,Böblingen,71032,9.019733387,48.69651581,5,2512041328,,2512041328,,h,1,Bauarbeiten,,,,,,,1.0,1.0
-1936486939046904827-2512041331-7,7734,2512041347,2512041347,2,,S,1,Herrenberg|Nufringen|Gärtringen|Ehningen(b Böblingen)|Hulb|Böblingen,8005201,Goldberg,Baden-Württemberg,Böblingen,71032,9.019733387,48.69651581,5,2512041348,,2512041349,,h,1,Bauarbeiten,,,,,,,1.0,2.0
6860077973327279202-2512041316-7,7136,2512041332,2512041332,2,,S,1,Herrenberg|Nufringen|Gärtringen|Ehningen(b Böblingen)|Hulb|Böblingen,8005201,Goldberg,Baden-Württemberg,Böblingen,71032,9.019733387,48.69651581,5,2512041338,,2512041339,,h,1,Bauarbeiten,,,,,,,6.0,7.0
1692997485605395662-2512041250-23,7135,2512041357,2512041357,1,,S,1,Kirchheim(Teck)|Kirchheim(Teck)-Ötlingen|Wendlingen(Neckar)|Wernau(Neckar)|Plochingen|Altbach|Esslingen-Zell|Oberesslingen|Esslingen(Neckar)|Esslingen-Mettingen|Stuttgart-Obertürkheim|Stuttgart-Untertürkheim|Stuttgart Neckarpark|Stuttgart-Bad Cannstatt|Stuttgart Hbf (tief)|Stuttgart Stadtmitte|Stuttgart Feuersee|Stuttgart Schwabstr.|Stuttgart Universität|Stuttgart-Österfeld|Stuttgart-Vaihingen|Stuttgart-Rohr,8005201,Goldberg,Baden-Württemberg,Böblingen,71032,9.019733387,48.69651581,5,2512041357,,2512041357,,h,1,Bauarbeiten,,,,,,,0.0,0.0
-5490041423935091879-2512041246-7,7134,2512041302,2512041302,2,,S,1,Herrenberg|Nufringen|Gärtringen|Ehningen(b Böblingen)|Hulb|Böblingen,8005201,Goldberg,Baden-Württemberg,Böblingen,71032,9.019733387,48.69651581,5,2512041303,,2512041303,,h,1,Bauarbeiten,,,,,,,1.0,1.0
9220221134919700364-2512041305-3,7733,2512041312,2512041312,1,,S,1,Stuttgart-Vaihingen|Stuttgart-Rohr,8005201,Goldberg,Baden-Württemberg,Böblingen,71032,9.019733387,48.69651581,5,2512041313,,2512041314,,h,1,Bauarbeiten,,,,,,,1.0,2.0
5925841418672271349-2512041335-3,7735,2512041342,2512041342,1,,S,1,Stuttgart-Vaihingen|Stuttgart-Rohr,8005201,Goldberg,Baden-Württemberg,Böblingen,71032,9.019733387,48.69651581,5,2512041346,,2512041347,,h,1,Bauarbeiten,,,,,,,4.0,5.0
-5738559480003373388-2512041250-6,7228,2512041300,2512041300,3,,S,2,Waiblingen|Rommelshausen|Stetten-Beinstein|Endersbach|Beutelsbach,8002448,Grunbach,Baden-Württemberg,Remshalden,73630,9.419580601,48.810414,4,2512041300,,2512041301,,,,,,,,,,,0.0,1.0
6223730688488220237-2512041318-5,7237,2512041327,2512041328,2,,S,2,Schorndorf|Weiler(Rems)|Winterbach(b Schorndorf)|Geradstetten,8002448,Grunbach,Baden-Württemberg,Remshalden,73630,9.419580601,48.810414,4,2512041328,,2512041329,,,,,,,,,,,1.0,1.0
-8059892926335795903-2512041348-5,7239,2512041357,2512041358,2,,S,2,Schorndorf|Weiler(Rems)|Winterbach(b Schorndorf)|Geradstetten,8002448,Grunbach,Baden-Württemberg,Remshalden,73630,9.419580601,48.810414,4,2512041359,,2512041359,,,,,,,,,,,2.0,1.0
2585056089149631421-2512041320-6,7230,2512041330,2512041330,3,,S,2,Waiblingen|Rommelshausen|Stetten-Beinstein|Endersbach|Beutelsbach,8002448,Grunbach,Baden-Württemberg,Remshalden,73630,9.419580601,48.810414,4,2512041330,,2512041331,,,,,,,,,,,0.0,1.0
2445452608426707839-2512041304-1,7732,,2512041304,,,S,1,,8002785,Herrenberg,Baden-Württemberg,Herrenberg,71083,8.862625253,48.59395697,3,,,2512041304,3,h,1,Bauarbeiten,,,,,,,0.0,0.0
-6319936848544854600-2512041220-29,7133,2512041344,,3,,S,,Kirchheim(Teck)|Kirchheim(Teck)-Ötlingen|Wendlingen(Neckar)|Wernau(Neckar)|Plochingen|Altbach|Esslingen-Zell|Oberesslingen|Esslingen(Neckar)|Esslingen-Mettingen|Stuttgart-Obertürkheim|Stuttgart-Untertürkheim|Stuttgart Neckarpark|Stuttgart-Bad Cannstatt|Stuttgart Hbf (tief)|Stuttgart Stadtmitte|Stuttgart Feuersee|Stuttgart Schwabstr.|Stuttgart Universität|Stuttgart-Österfeld|Stuttgart-Vaihingen|Stuttgart-Rohr|Goldberg(Württ)|Böblingen|Hulb|Ehningen(b Böblingen)|Gärtringen|Nufringen,8002785,Herrenberg,Baden-Württemberg,Herrenberg,71083,8.862625253,48.59395697,3,2512041346,,,,h,1,Bauarbeiten,,,,,,,2.0,0.0
3842377662359880145-2512041319-1,22786,,2512041319,,,RB,63,,8002785,Herrenberg,Baden-Württemberg,Herrenberg,71083,8.862625253,48.59395697,3,,,2512041319,,,,,,,,,,,0.0,0.0
-9211915764519065279-2512041213-14,17654,2512041311,2512041311,1,,RE,14b,Freudenstadt Hbf|Grüntal-Wittlensweiler|Dornstetten-Aach|Dornstetten|Schopfloch(b Freudenstadt)|Bittelbronn|Horb-Heiligenfeld|Hochdorf(b Horb)|Eutingen Nord|Eutingen im Gäu|Ergenzingen|Bondorf(b Herrenberg)|Gäufelden,8002785,Herrenberg,Baden-Württemberg,Herrenberg,71083,8.862625253,48.59395697,3,2512041318,,2512041319,,c,,,,,,,,,7.0,8.0
-1936486939046904827-2512041331-1,7734,,2512041331,,,S,1,,8002785,Herrenberg,Baden-Württemberg,Herrenberg,71083,8.862625253,48.59395697,3,,,2512041331,3,h,1,Bauarbeiten,,,,,,,0.0,0.0
6860077973327279202-2512041316-1,7136,,2512041316,,,S,1,,8002785,Herrenberg,Baden-Württemberg,Herrenberg,71083,8.862625253,48.59395697,3,,,2512041321,,h,1,Bauarbeiten,,,,,,,0.0,5.0
8154109354870610873-2512041317-3,50487,2512041347,2512041347,4,,RE,87,Stuttgart Hbf|Böblingen,8002785,Herrenberg,Baden-Württemberg,Herrenberg,71083,8.862625253,48.59395697,3,2512041353,,2512041354,,h,1,Information,,,,,,,6.0,7.0
4736637014602700336-2512041150-29,7131,2512041314,,3,,S,,Kirchheim(Teck)|Kirchheim(Teck)-Ötlingen|Wendlingen(Neckar)|Wernau(Neckar)|Plochingen|Altbach|Esslingen-Zell|Oberesslingen|Esslingen(Neckar)|Esslingen-Mettingen|Stuttgart-Obertürkheim|Stuttgart-Untertürkheim|Stuttgart Neckarpark|Stuttgart-Bad Cannstatt|Stuttgart Hbf (tief)|Stuttgart Stadtmitte|Stuttgart Feuersee|Stuttgart Schwabstr.|Stuttgart Universität|Stuttgart-Österfeld|Stuttgart-Vaihingen|Stuttgart-Rohr|Goldberg(Württ)|Böblingen|Hulb|Ehningen(b Böblingen)|Gärtringen|Nufringen,8002785,Herrenberg,Baden-Württemberg,Herrenberg,71083,8.862625253,48.59395697,3,2512041320,,,,h,1,Bauarbeiten,,,,,,,6.0,0.0
6042905361873535715-2512041346-1,7138,,2512041346,,,S,1,,8002785,Herrenberg,Baden-Württemberg,Herrenberg,71083,8.862625253,48.59395697,3,,,2512041346,,h,1,Bauarbeiten,,,,,,,0.0,0.0
-5031762437356954887-2512041309-2,17641,2512041318,2512041318,4,,RB,14a,Böblingen,8002785,Herrenberg,Baden-Württemberg,Herrenberg,71083,8.862625253,48.59395697,3,2512041322,,2512041323,,c,,,,,,,,,4.0,5.0
-4634141120321524860-2512041311-10,22791,2512041341,,102,,RB,,Tübingen Hbf|Tübingen West|Unterjesingen Sandäcker|Unterjesingen Mitte|Pfäffingen|Entringen|Altingen(Württ)|Gültstein|Herrenberg Zwerchweg,8002785,Herrenberg,Baden-Württemberg,Herrenberg,71083,8.862625253,48.59395697,3,2512041341,,,,,,,,,,,,,0.0,0.0
7518032931546581607-2512041202-9,17652,2512041311,2512041311,1,,RE,14a,Rottweil|Oberndorf(Neckar)|Sulz(Neckar)|Horb|Eutingen im Gäu|Ergenzingen|Bondorf(b Herrenberg)|Gäufelden,8002785,Herrenberg,Baden-Württemberg,Herrenberg,71083,8.862625253,48.59395697,3,2512041318,,2512041319,,c,,,,,,,,,7.0,8.0
9220221134919700364-2512041305-9,7733,2512041329,,3,,S,,Stuttgart-Vaihingen|Stuttgart-Rohr|Goldberg(Württ)|Böblingen|Hulb|Ehningen(b Böblingen)|Gärtringen|Nufringen,8002785,Herrenberg,Baden-Württemberg,Herrenberg,71083,8.862625253,48.59395697,3,2512041331,2,,,h,1,Bauarbeiten,,,,,,,2.0,0.0
5925841418672271349-2512041335-9,7735,2512041359,,3,,S,,Stuttgart-Vaihingen|Stuttgart-Rohr|Goldberg(Württ)|Böblingen|Hulb|Ehningen(b Böblingen)|Gärtringen|Nufringen,8002785,Herrenberg,Baden-Württemberg,Herrenberg,71083,8.862625253,48.59395697,3,2512041404,2,,,h,1,Bauarbeiten,,,,,,,5.0,0.0
1999828695255804205-2512041349-1,22792,,2512041349,,,RB,63,,8002785,Herrenberg,Baden-Württemberg,Herrenberg,71083,8.862625253,48.59395697,3,,,2512041349,,,,,,,,,,,0.0,0.0
-668329796526831540-2512041241-10,22785,2512041311,,102,,RB,,Tübingen Hbf|Tübingen West|Unterjesingen Sandäcker|Unterjesingen Mitte|Pfäffingen|Entringen|Altingen(Württ)|Gültstein|Herrenberg Zwerchweg,8002785,Herrenberg,Baden-Württemberg,Herrenberg,71083,8.862625253,48.59395697,3,2512041311,,,,,,,,,,,,,0.0,0.0
-2633067915589677226-2512041317-3,487,2512041347,2512041347,4,,IC,,Stuttgart Hbf|Böblingen,8002785,Herrenberg,Baden-Württemberg,Herrenberg,71083,8.862625253,48.59395697,3,2512041353,,2512041354,,h,1,Information,,,,,,,6.0,7.0
-8244462081615470367-2512041234-10,7031,2512041305,2512041306,1,,S,60,Böblingen|Sindelfingen|Maichingen|Maichingen Nord|Magstadt|Renningen Süd|Renningen|Rutesheim|Leonberg,8002892,Höfingen,Baden-Württemberg,Leonberg,71229,9.026180834,48.81503436,5,2512041305,,2512041306,,,,,,,,,,,0.0,0.0
-661438075088023210-2512041242-12,7630,2512041309,2512041309,2,,S,6,Stuttgart Schwabstr.|Stuttgart Feuersee|Stuttgart Stadtmitte|Stuttgart Hbf (tief)|Stuttgart Nord|Stuttgart-Feuerbach|Stuttgart-Zuffenhausen|Neuwirtshaus(Porscheplatz)|Korntal|Weilimdorf|Ditzingen,8002892,Höfingen,Baden-Württemberg,Leonberg,71229,9.026180834,48.81503436,5,2512041317,,2512041317,,h,1,Bauarbeiten,,,,,,,8.0,8.0
-6618548157105238962-2512041333-6,7637,2512041350,2512041351,1,,S,6,Weil der Stadt|Malmsheim|Renningen|Rutesheim|Leonberg,8002892,Höfingen,Baden-Württemberg,Leonberg,71229,9.026180834,48.81503436,5,2512041351,,2512041351,,h,1,Bauarbeiten,,,,,,,1.0,0.0
-6266903130374520756-2512041312-12,7632,2512041339,2512041339,2,,S,6,Stuttgart Schwabstr.|Stuttgart Feuersee|Stuttgart Stadtmitte|Stuttgart Hbf (tief)|Stuttgart Nord|Stuttgart-Feuerbach|Stuttgart-Zuffenhausen|Neuwirtshaus(Porscheplatz)|Korntal|Weilimdorf|Ditzingen,8002892,Höfingen,Baden-Württemberg,Leonberg,71229,9.026180834,48.81503436,5,2512041344,,2512041345,,h,1,Bauarbeiten,,,,,,,5.0,6.0
-4671468548274859337-2512041248-6,7931,2512041305,2512041306,1,,S,6,Weil der Stadt|Malmsheim|Renningen|Rutesheim|Leonberg,8002892,Höfingen,Baden-Württemberg,Leonberg,71229,9.026180834,48.81503436,5,2512041305,,2512041306,,,,,,,,,,,0.0,0.0
-6736509556138660402-2512041304-10,7033,2512041335,2512041336,1,,S,60,Böblingen|Sindelfingen|Maichingen|Maichingen Nord|Magstadt|Renningen Süd|Renningen|Rutesheim|Leonberg,8002892,Höfingen,Baden-Württemberg,Leonberg,71229,9.026180834,48.81503436,5,2512041336,,2512041336,,,,,,,,,,,1.0,0.0
-7683922748438555510-2512041303-6,7635,2512041320,2512041321,1,,S,6,Weil der Stadt|Malmsheim|Renningen|Rutesheim|Leonberg,8002892,Höfingen,Baden-Württemberg,Leonberg,71229,9.026180834,48.81503436,5,2512041324,,2512041324,,h,1,Bauarbeiten,,,,,,,4.0,3.0
-5532415123701834684-2512041339-7,7938,2512041354,2512041354,2,,S,6,Stuttgart-Feuerbach|Stuttgart-Zuffenhausen|Neuwirtshaus(Porscheplatz)|Korntal|Weilimdorf|Ditzingen,8002892,Höfingen,Baden-Württemberg,Leonberg,71229,9.026180834,48.81503436,5,2512041357,,2512041357,,,,,,,,,,,3.0,3.0
-3357476612343189405-2512041309-7,7036,2512041324,2512041324,2,,S,60,Stuttgart-Feuerbach|Stuttgart-Zuffenhausen|Neuwirtshaus(Porscheplatz)|Korntal|Weilimdorf|Ditzingen,8002892,Höfingen,Baden-Württemberg,Leonberg,71229,9.026180834,48.81503436,5,2512041325,,2512041325,,,,,,,,,,,1.0,1.0
4811093792071374983-2512041318-6,7933,2512041335,2512041336,1,,S,6,Weil der Stadt|Malmsheim|Renningen|Rutesheim|Leonberg,8002892,Höfingen,Baden-Württemberg,Leonberg,71229,9.026180834,48.81503436,5,2512041336,,2512041336,,,,,,,,,,,1.0,0.0
-117664068110103176-2512041339-7,7038,2512041354,2512041354,2,,S,60,Stuttgart-Feuerbach|Stuttgart-Zuffenhausen|Neuwirtshaus(Porscheplatz)|Korntal|Weilimdorf|Ditzingen,8002892,Höfingen,Baden-Württemberg,Leonberg,71229,9.026180834,48.81503436,5,2512041357,,2512041357,,,,,,,,,,,3.0,3.0
6635133046999028508-2512041309-7,7936,2512041324,2512041324,2,,S,6,Stuttgart-Feuerbach|Stuttgart-Zuffenhausen|Neuwirtshaus(Porscheplatz)|Korntal|Weilimdorf|Ditzingen,8002892,Höfingen,Baden-Württemberg,Leonberg,71229,9.026180834,48.81503436,5,2512041325,,2512041325,,,,,,,,,,,1.0,1.0
-6319936848544854600-2512041220-25,7133,2512041331,2512041331,1,,S,1,Kirchheim(Teck)|Kirchheim(Teck)-Ötlingen|Wendlingen(Neckar)|Wernau(Neckar)|Plochingen|Altbach|Esslingen-Zell|Oberesslingen|Esslingen(Neckar)|Esslingen-Mettingen|Stuttgart-Obertürkheim|Stuttgart-Untertürkheim|Stuttgart Neckarpark|Stuttgart-Bad Cannstatt|Stuttgart Hbf (tief)|Stuttgart Stadtmitte|Stuttgart Feuersee|Stuttgart Schwabstr.|Stuttgart Universität|Stuttgart-Österfeld|Stuttgart-Vaihingen|Stuttgart-Rohr|Goldberg(Württ)|Böblingen,8003022,Hulb,Baden-Württemberg,Böblingen-Hulb,71032,8.982396429,48.67924173,5,2512041333,,2512041333,,h,1,Bauarbeiten,,,,,,,2.0,2.0
-1936486939046904827-2512041331-5,7734,2512041343,2512041343,2,,S,1,Herrenberg|Nufringen|Gärtringen|Ehningen(b Böblingen),8003022,Hulb,Baden-Württemberg,Böblingen-Hulb,71032,8.982396429,48.67924173,5,2512041344,,2512041344,,h,1,Bauarbeiten,,,,,,,1.0,1.0
6860077973327279202-2512041316-5,7136,2512041328,2512041328,2,,S,1,Herrenberg|Nufringen|Gärtringen|Ehningen(b Böblingen),8003022,Hulb,Baden-Württemberg,Böblingen-Hulb,71032,8.982396429,48.67924173,5,2512041333,,2512041333,,h,1,Bauarbeiten,,,,,,,5.0,5.0
4736637014602700336-2512041150-25,7131,2512041301,2512041301,1,,S,1,Kirchheim(Teck)|Kirchheim(Teck)-Ötlingen|Wendlingen(Neckar)|Wernau(Neckar)|Plochingen|Altbach|Esslingen-Zell|Oberesslingen|Esslingen(Neckar)|Esslingen-Mettingen|Stuttgart-Obertürkheim|Stuttgart-Untertürkheim|Stuttgart Neckarpark|Stuttgart-Bad Cannstatt|Stuttgart Hbf (tief)|Stuttgart Stadtmitte|Stuttgart Feuersee|Stuttgart Schwabstr.|Stuttgart Universität|Stuttgart-Österfeld|Stuttgart-Vaihingen|Stuttgart-Rohr|Goldberg(Württ)|Böblingen,8003022,Hulb,Baden-Württemberg,Böblingen-Hulb,71032,8.982396429,48.67924173,5,2512041307,,2512041307,,h,1,Bauarbeiten,,,,,,,6.0,6.0
6042905361873535715-2512041346-5,7138,2512041358,2512041358,2,,S,1,Herrenberg|Nufringen|Gärtringen|Ehningen(b Böblingen),8003022,Hulb,Baden-Württemberg,Böblingen-Hulb,71032,8.982396429,48.67924173,5,2512041358,,2512041359,,h,1,Bauarbeiten,,,,,,,0.0,1.0
9220221134919700364-2512041305-5,7733,2512041316,2512041316,1,,S,1,Stuttgart-Vaihingen|Stuttgart-Rohr|Goldberg(Württ)|Böblingen,8003022,Hulb,Baden-Württemberg,Böblingen-Hulb,71032,8.982396429,48.67924173,5,2512041318,,2512041318,,h,1,Bauarbeiten,,,,,,,2.0,2.0
5925841418672271349-2512041335-5,7735,2512041346,2512041346,1,,S,1,Stuttgart-Vaihingen|Stuttgart-Rohr|Goldberg(Württ)|Böblingen,8003022,Hulb,Baden-Württemberg,Böblingen-Hulb,71032,8.982396429,48.67924173,5,2512041350,,2512041351,,h,1,Bauarbeiten,,,,,,,4.0,5.0
3993915534975484274-2512041333-1,56034,,2512041333,,,S,2,,8001984,Filderstadt,Baden-Württemberg,Filderstadt,70794,9.217581315,48.67649151,5,,,2512041333,1,,,,,,,,,,0.0,0.0
7061212763636631939-2512041251-14,56033,2512041327,,,,S,,Stuttgart-Bad Cannstatt|Stuttgart Hbf (tief)|Stuttgart Stadtmitte|Stuttgart Feuersee|Stuttgart Schwabstr.|Stuttgart Universität|Stuttgart-Österfeld|Stuttgart-Vaihingen|Stuttgart-Rohr|Oberaichen|Leinfelden|Echterdingen|Stuttgart Flughafen/Messe,8001984,Filderstadt,Baden-Württemberg,Filderstadt,70794,9.217581315,48.67649151,5,2512041327,2,,,,,,,,,,,,0.0,0.0
-288669336801421707-2512041303-1,56032,,2512041303,,,S,2,,8001984,Filderstadt,Baden-Württemberg,Filderstadt,70794,9.217581315,48.67649151,5,,,2512041303,2,,,,,,,,,,0.0,0.0
107482304069760705-2512041321-14,56035,2512041357,,,,S,,Stuttgart-Bad Cannstatt|Stuttgart Hbf (tief)|Stuttgart Stadtmitte|Stuttgart Feuersee|Stuttgart Schwabstr.|Stuttgart Universität|Stuttgart-Österfeld|Stuttgart-Vaihingen|Stuttgart-Rohr|Oberaichen|Leinfelden|Echterdingen|Stuttgart Flughafen/Messe,8001984,Filderstadt,Baden-Württemberg,Filderstadt,70794,9.217581315,48.67649151,5,2512041400,1,,,,,,,,,,,,3.0,0.0
3031736874454955605-2512041254-7,37966,2512041312,,1,,N,,Oberlenningen|Unterlenningen|Brucken|Owen(Teck)|Dettingen(Teck)|Kirchheim(Teck)Süd,8003280,Kirchheim (Teck),Baden-Württemberg,Kirchheim unter Teck,73230,9.443872422,48.64415981,4,2512041312,,,,,,,,,,,,,0.0,0.0
5941834571298649161-2512041320-1,7137,,2512041320,,,S,1,,8003280,Kirchheim (Teck),Baden-Württemberg,Kirchheim unter Teck,73230,9.443872422,48.64415981,4,,,2512041320,,h,1,Bauarbeiten,,,,,,,0.0,0.0
7004552740739658779-2512041350-1,7139,,2512041350,,,S,1,,8003280,Kirchheim (Teck),Baden-Württemberg,Kirchheim unter Teck,73230,9.443872422,48.64415981,4,,,2512041350,,h,1,Bauarbeiten,,,,,,,0.0,0.0
-2238422087255895154-2512041325-5,56782,2512041339,,2,,S,,Plochingen|Wernau(Neckar)|Wendlingen(Neckar)|Kirchheim(Teck)-Ötlingen,8003280,Kirchheim (Teck),Baden-Württemberg,Kirchheim unter Teck,73230,9.443872422,48.64415981,4,2512041340,,,,,,,,,,,,,1.0,0.0
-9018806643423758316-2512041255-5,56780,2512041309,,2,,S,,Plochingen|Wernau(Neckar)|Wendlingen(Neckar)|Kirchheim(Teck)-Ötlingen,8003280,Kirchheim (Teck),Baden-Württemberg,Kirchheim unter Teck,73230,9.443872422,48.64415981,4,2512041309,,,,,,,,,,,,,0.0,0.0
-2783911303969414188-2512041317-1,37967,,2512041317,,,N,RB64,,8003280,Kirchheim (Teck),Baden-Württemberg,Kirchheim unter Teck,73230,9.443872422,48.64415981,4,,,2512041317,,,,,,,,,,,0.0,0.0
5941834571298649161-2512041320-2,7137,2512041323,2512041323,1,,S,1,Kirchheim(Teck),8003282,Kirchheim (Teck)-Ötlingen,Baden-Württemberg,Kirchheim unter Teck,73230,9.416261302,48.65782388,5,2512041323,,2512041323,,h,1,Bauarbeiten,,,,,,,0.0,0.0
7004552740739658779-2512041350-2,7139,2512041353,2512041353,1,,S,1,Kirchheim(Teck),8003282,Kirchheim (Teck)-Ötlingen,Baden-Württemberg,Kirchheim unter Teck,73230,9.416261302,48.65782388,5,2512041353,,2512041353,,h,1,Bauarbeiten,,,,,,,0.0,0.0
-2238422087255895154-2512041325-4,56782,2512041336,2512041337,1,,S,1,Plochingen|Wernau(Neckar)|Wendlingen(Neckar),8003282,Kirchheim (Teck)-Ötlingen,Baden-Württemberg,Kirchheim unter Teck,73230,9.416261302,48.65782388,5,2512041337,,2512041338,,,,,,,,,,,1.0,1.0
-9018806643423758316-2512041255-4,56780,2512041306,2512041307,1,,S,1,Plochingen|Wernau(Neckar)|Wendlingen(Neckar),8003282,Kirchheim (Teck)-Ötlingen,Baden-Württemberg,Kirchheim unter Teck,73230,9.416261302,48.65782388,5,2512041306,,2512041307,,,,,,,,,,,0.0,0.0
-8244462081615470367-2512041234-13,7031,2512041313,2512041314,3,,S,60,Böblingen|Sindelfingen|Maichingen|Maichingen Nord|Magstadt|Renningen Süd|Renningen|Rutesheim|Leonberg|Höfingen|Ditzingen|Weilimdorf,8003409,Korntal,Baden-Württemberg,Korntal,70825,9.121099128,48.82640246,4,2512041313,,2512041317,,,,,,,,,,,0.0,3.0
8348948098466374629-2512041331-7,1163,2512041354,,7,,WEG,,Heimerdingen|Hemmingen|Schwieberdingen|Münchingen|Münchingen Rührberg|Korntal Gymnasium,8003409,Korntal,Baden-Württemberg,Korntal,70825,9.121099128,48.82640246,4,2512041355,,,,,,,,,,,,,1.0,0.0
-661438075088023210-2512041242-9,7630,2512041301,2512041301,1,,S,6,Stuttgart Schwabstr.|Stuttgart Feuersee|Stuttgart Stadtmitte|Stuttgart Hbf (tief)|Stuttgart Nord|Stuttgart-Feuerbach|Stuttgart-Zuffenhausen|Neuwirtshaus(Porscheplatz),8003409,Korntal,Baden-Württemberg,Korntal,70825,9.121099128,48.82640246,4,2512041310,,2512041310,,h,1,Bauarbeiten,,,,,,,9.0,9.0
-6618548157105238962-2512041333-9,7637,2512041358,2512041359,3,,S,6,Weil der Stadt|Malmsheim|Renningen|Rutesheim|Leonberg|Höfingen|Ditzingen|Weilimdorf,8003409,Korntal,Baden-Württemberg,Korntal,70825,9.121099128,48.82640246,4,2512041359,,2512041406,,h,1,Bauarbeiten,,,,,,,1.0,7.0
-6266903130374520756-2512041312-9,7632,2512041331,2512041331,1,,S,6,Stuttgart Schwabstr.|Stuttgart Feuersee|Stuttgart Stadtmitte|Stuttgart Hbf (tief)|Stuttgart Nord|Stuttgart-Feuerbach|Stuttgart-Zuffenhausen|Neuwirtshaus(Porscheplatz),8003409,Korntal,Baden-Württemberg,Korntal,70825,9.121099128,48.82640246,4,2512041338,,2512041337,,h,1,Bauarbeiten,,,,,,,7.0,6.0
-4671468548274859337-2512041248-9,7931,2512041313,2512041314,3,,S,6,Weil der Stadt|Malmsheim|Renningen|Rutesheim|Leonberg|Höfingen|Ditzingen|Weilimdorf,8003409,Korntal,Baden-Württemberg,Korntal,70825,9.121099128,48.82640246,4,2512041313,,2512041317,,,,,,,,,,,0.0,3.0
-6736509556138660402-2512041304-13,7033,2512041343,2512041344,3,,S,60,Böblingen|Sindelfingen|Maichingen|Maichingen Nord|Magstadt|Renningen Süd|Renningen|Rutesheim|Leonberg|Höfingen|Ditzingen|Weilimdorf,8003409,Korntal,Baden-Württemberg,Korntal,70825,9.121099128,48.82640246,4,2512041344,,2512041351,,,,,,,,,,,1.0,7.0
-7683922748438555510-2512041303-9,7635,2512041328,2512041329,3,,S,6,Weil der Stadt|Malmsheim|Renningen|Rutesheim|Leonberg|Höfingen|Ditzingen|Weilimdorf,8003409,Korntal,Baden-Württemberg,Korntal,70825,9.121099128,48.82640246,4,2512041332,,2512041336,,h,1,Bauarbeiten,,,,,,,4.0,7.0
-5532415123701834684-2512041339-4,7938,2512041346,2512041346,1,,S,6,Stuttgart-Feuerbach|Stuttgart-Zuffenhausen|Neuwirtshaus(Porscheplatz),8003409,Korntal,Baden-Württemberg,Korntal,70825,9.121099128,48.82640246,4,2512041350,,2512041350,,,,,,,,,,,4.0,4.0
-3357476612343189405-2512041309-4,7036,2512041316,2512041316,1,,S,60,Stuttgart-Feuerbach|Stuttgart-Zuffenhausen|Neuwirtshaus(Porscheplatz),8003409,Korntal,Baden-Württemberg,Korntal,70825,9.121099128,48.82640246,4,2512041319,,2512041318,,,,,,,,,,,3.0,2.0
-7351617852189443165-2512041335-1,1162,,2512041335,,,WEG,RB47,,8003409,Korntal,Baden-Württemberg,Korntal,70825,9.121099128,48.82640246,4,,,2512041335,,,,,,,,,,,0.0,0.0
7636285896096353893-2512041301-7,1157,2512041324,,7,,WEG,,Heimerdingen|Hemmingen|Schwieberdingen|Münchingen|Münchingen Rührberg|Korntal Gymnasium,8003409,Korntal,Baden-Württemberg,Korntal,70825,9.121099128,48.82640246,4,2512041324,,,,,,,,,,,,,0.0,0.0
4811093792071374983-2512041318-9,7933,2512041343,2512041344,3,,S,6,Weil der Stadt|Malmsheim|Renningen|Rutesheim|Leonberg|Höfingen|Ditzingen|Weilimdorf,8003409,Korntal,Baden-Württemberg,Korntal,70825,9.121099128,48.82640246,4,2512041344,,2512041351,,,,,,,,,,,1.0,7.0
-117664068110103176-2512041339-4,7038,2512041346,2512041346,1,,S,60,Stuttgart-Feuerbach|Stuttgart-Zuffenhausen|Neuwirtshaus(Porscheplatz),8003409,Korntal,Baden-Württemberg,Korntal,70825,9.121099128,48.82640246,4,2512041350,,2512041350,,,,,,,,,,,4.0,4.0
-4993712922325097539-2512041305-1,1156,,2512041305,,,WEG,RB47,,8003409,Korntal,Baden-Württemberg,Korntal,70825,9.121099128,48.82640246,4,,,2512041305,,,,,,,,,,,0.0,0.0
6635133046999028508-2512041309-4,7936,2512041316,2512041316,1,,S,6,Stuttgart-Feuerbach|Stuttgart-Zuffenhausen|Neuwirtshaus(Porscheplatz),8003409,Korntal,Baden-Württemberg,Korntal,70825,9.121099128,48.82640246,4,2512041319,,2512041318,,,,,,,,,,,3.0,2.0
-2228586882643936433-2512041322-8,7534,2512041340,2512041340,4,,S,5,Stuttgart Schwabstr.|Stuttgart Feuersee|Stuttgart Stadtmitte|Stuttgart Hbf (tief)|Stuttgart Nord|Stuttgart-Feuerbach|Stuttgart-Zuffenhausen,8003411,Kornwestheim Pbf,Baden-Württemberg,Kornwestheim,70806,9.179967278,48.86215948,3,2512041341,,2512041342,,,,,,,,,,,1.0,2.0
-8940297413789405434-2512041317-8,28402,2512041335,2512041335,4,,S,4,Stuttgart Schwabstr.|Stuttgart Feuersee|Stuttgart Stadtmitte|Stuttgart Hbf (tief)|Stuttgart Nord|Stuttgart-Feuerbach|Stuttgart-Zuffenhausen,8003411,Kornwestheim Pbf,Baden-Württemberg,Kornwestheim,70806,9.179967278,48.86215948,3,2512041337,,2512041338,,h,1,Bauarbeiten,,,,,,,2.0,3.0
6555495071308560297-2512041310-6,28399,2512041324,2512041325,3,,S,4,Marbach(Neckar)|Benningen(Neckar)|Freiberg(Neckar)|Favoritepark|Ludwigsburg,8003411,Kornwestheim Pbf,Baden-Württemberg,Kornwestheim,70806,9.179967278,48.86215948,3,2512041328,,2512041329,,h,1,Bauarbeiten,,,,,,,4.0,4.0
-4525949924591958884-2512041332-8,7432,2512041350,2512041350,4,,S,4,Stuttgart Schwabstr.|Stuttgart Feuersee|Stuttgart Stadtmitte|Stuttgart Hbf (tief)|Stuttgart Nord|Stuttgart-Feuerbach|Stuttgart-Zuffenhausen,8003411,Kornwestheim Pbf,Baden-Württemberg,Kornwestheim,70806,9.179967278,48.86215948,3,2512041351,,2512041352,,h,1,Bauarbeiten,,,,,,,1.0,2.0
-5995002106705392995-2512041247-8,28400,2512041305,2512041305,4,,S,4,Stuttgart Schwabstr.|Stuttgart Feuersee|Stuttgart Stadtmitte|Stuttgart Hbf (tief)|Stuttgart Nord|Stuttgart-Feuerbach|Stuttgart-Zuffenhausen,8003411,Kornwestheim Pbf,Baden-Württemberg,Kornwestheim,70806,9.179967278,48.86215948,3,2512041308,,2512041309,,h,1,Bauarbeiten,,,,,,,3.0,4.0
-5817753767787077907-2512041255-6,7433,2512041309,2512041310,3,,S,4,Marbach(Neckar)|Benningen(Neckar)|Freiberg(Neckar)|Favoritepark|Ludwigsburg,8003411,Kornwestheim Pbf,Baden-Württemberg,Kornwestheim,70806,9.179967278,48.86215948,3,2512041312,,2512041313,,h,1,Bauarbeiten,,,,,,,3.0,3.0
-4288525857753429602-2512041252-5,28469,2512041304,2512041305,3,,S,5,Bietigheim-Bissingen|Tamm(Württ)|Asperg|Ludwigsburg,8003411,Kornwestheim Pbf,Baden-Württemberg,Kornwestheim,70806,9.179967278,48.86215948,3,2512041309,,2512041310,,,,,,,,,,,5.0,5.0
-6700422537624249946-2512041322-5,28471,2512041334,2512041335,3,,S,5,Bietigheim-Bissingen|Tamm(Württ)|Asperg|Ludwigsburg,8003411,Kornwestheim Pbf,Baden-Württemberg,Kornwestheim,70806,9.179967278,48.86215948,3,2512041335,,2512041335,,,,,,,,,,,1.0,0.0
-2205886530121673447-2512041337-5,7537,2512041349,2512041350,3,,S,5,Bietigheim-Bissingen|Tamm(Württ)|Asperg|Ludwigsburg,8003411,Kornwestheim Pbf,Baden-Württemberg,Kornwestheim,70806,9.179967278,48.86215948,3,2512041351,,2512041351,,,,,,,,,,,2.0,1.0
-5311335166810349053-2512041307-5,7535,2512041319,2512041320,3,,S,5,Bietigheim-Bissingen|Tamm(Württ)|Asperg|Ludwigsburg,8003411,Kornwestheim Pbf,Baden-Württemberg,Kornwestheim,70806,9.179967278,48.86215948,3,2512041320,,2512041321,,,,,,,,,,,1.0,1.0
-3085481889421354950-2512041337-8,28470,2512041355,2512041355,4,,S,5,Stuttgart Schwabstr.|Stuttgart Feuersee|Stuttgart Stadtmitte|Stuttgart Hbf (tief)|Stuttgart Nord|Stuttgart-Feuerbach|Stuttgart-Zuffenhausen,8003411,Kornwestheim Pbf,Baden-Württemberg,Kornwestheim,70806,9.179967278,48.86215948,3,2512041357,,2512041358,,,,,,,,,,,2.0,3.0
4907785515978563886-2512041302-8,7430,2512041320,2512041320,4,,S,4,Stuttgart Schwabstr.|Stuttgart Feuersee|Stuttgart Stadtmitte|Stuttgart Hbf (tief)|Stuttgart Nord|Stuttgart-Feuerbach|Stuttgart-Zuffenhausen,8003411,Kornwestheim Pbf,Baden-Württemberg,Kornwestheim,70806,9.179967278,48.86215948,3,2512041321,,2512041322,,h,1,Bauarbeiten,,,,,,,1.0,2.0
2715788132942076371-2512041307-8,28468,2512041325,2512041325,4,,S,5,Stuttgart Schwabstr.|Stuttgart Feuersee|Stuttgart Stadtmitte|Stuttgart Hbf (tief)|Stuttgart Nord|Stuttgart-Feuerbach|Stuttgart-Zuffenhausen,8003411,Kornwestheim Pbf,Baden-Württemberg,Kornwestheim,70806,9.179967278,48.86215948,3,2512041325,,2512041326,,,,,,,,,,,0.0,1.0
-1459044685595923916-2512041252-8,7532,2512041310,2512041310,4,,S,5,Stuttgart Schwabstr.|Stuttgart Feuersee|Stuttgart Stadtmitte|Stuttgart Hbf (tief)|Stuttgart Nord|Stuttgart-Feuerbach|Stuttgart-Zuffenhausen,8003411,Kornwestheim Pbf,Baden-Württemberg,Kornwestheim,70806,9.179967278,48.86215948,3,2512041314,,2512041315,,,,,,,,,,,4.0,5.0
-8143374333923627216-2512041325-6,7435,2512041339,2512041340,3,,S,4,Marbach(Neckar)|Benningen(Neckar)|Freiberg(Neckar)|Favoritepark|Ludwigsburg,8003411,Kornwestheim Pbf,Baden-Württemberg,Kornwestheim,70806,9.179967278,48.86215948,3,2512041340,,2512041341,,h,1,Bauarbeiten,,,,,,,1.0,1.0
7993369286273643102-2512041340-6,28401,2512041354,2512041355,3,,S,4,Marbach(Neckar)|Benningen(Neckar)|Freiberg(Neckar)|Favoritepark|Ludwigsburg,8003411,Kornwestheim Pbf,Baden-Württemberg,Kornwestheim,70806,9.179967278,48.86215948,3,2512041355,,2512041356,,h,1,Bauarbeiten,,,,,,,1.0,1.0
3993915534975484274-2512041333-4,56034,2512041342,2512041343,2,,S,2,Filderstadt|Stuttgart Flughafen/Messe|Echterdingen,8003622,Leinfelden,Baden-Württemberg,Leinfelden-Echterdingen,70771,9.142859698,48.6964193,4,2512041343,,2512041343,,,,,,,,,,,1.0,0.0
-7145620013091648078-2512041311-11,56113,2512041336,2512041337,1,,S,3,Stuttgart-Bad Cannstatt|Stuttgart Hbf (tief)|Stuttgart Stadtmitte|Stuttgart Feuersee|Stuttgart Schwabstr.|Stuttgart Universität|Stuttgart-Österfeld|Stuttgart-Vaihingen|Stuttgart-Rohr|Oberaichen,8003622,Leinfelden,Baden-Württemberg,Leinfelden-Echterdingen,70771,9.142859698,48.6964193,4,2512041337,,2512041338,,,,,,,,,,,1.0,1.0
7061212763636631939-2512041251-11,56033,2512041316,2512041317,1,,S,2,Stuttgart-Bad Cannstatt|Stuttgart Hbf (tief)|Stuttgart Stadtmitte|Stuttgart Feuersee|Stuttgart Schwabstr.|Stuttgart Universität|Stuttgart-Österfeld|Stuttgart-Vaihingen|Stuttgart-Rohr|Oberaichen,8003622,Leinfelden,Baden-Württemberg,Leinfelden-Echterdingen,70771,9.142859698,48.6964193,4,2512041318,,2512041319,,,,,,,,,,,2.0,2.0
-365780276574415312-2512041241-11,56111,2512041306,2512041307,1,,S,3,Stuttgart-Bad Cannstatt|Stuttgart Hbf (tief)|Stuttgart Stadtmitte|Stuttgart Feuersee|Stuttgart Schwabstr.|Stuttgart Universität|Stuttgart-Österfeld|Stuttgart-Vaihingen|Stuttgart-Rohr|Oberaichen,8003622,Leinfelden,Baden-Württemberg,Leinfelden-Echterdingen,70771,9.142859698,48.6964193,4,2512041307,,2512041308,,,,,,,,,,,1.0,1.0
-2627990392458637808-2512041348-3,56116,2512041352,2512041353,2,,S,3,Stuttgart Flughafen/Messe|Echterdingen,8003622,Leinfelden,Baden-Württemberg,Leinfelden-Echterdingen,70771,9.142859698,48.6964193,4,2512041353,,2512041353,,,,,,,,,,,1.0,0.0
-4511803896361159245-2512041318-3,56114,2512041322,2512041323,2,,S,3,Stuttgart Flughafen/Messe|Echterdingen,8003622,Leinfelden,Baden-Württemberg,Leinfelden-Echterdingen,70771,9.142859698,48.6964193,4,2512041322,,2512041323,,,,,,,,,,,0.0,0.0
-288669336801421707-2512041303-4,56032,2512041312,2512041313,2,,S,2,Filderstadt|Stuttgart Flughafen/Messe|Echterdingen,8003622,Leinfelden,Baden-Württemberg,Leinfelden-Echterdingen,70771,9.142859698,48.6964193,4,2512041312,,2512041313,,,,,,,,,,,0.0,0.0
107482304069760705-2512041321-11,56035,2512041346,2512041347,1,,S,2,Stuttgart-Bad Cannstatt|Stuttgart Hbf (tief)|Stuttgart Stadtmitte|Stuttgart Feuersee|Stuttgart Schwabstr.|Stuttgart Universität|Stuttgart-Österfeld|Stuttgart-Vaihingen|Stuttgart-Rohr|Oberaichen,8003622,Leinfelden,Baden-Württemberg,Leinfelden-Echterdingen,70771,9.142859698,48.6964193,4,2512041350,,2512041350,,,,,,,,,,,4.0,3.0
-8244462081615470367-2512041234-9,7031,2512041302,2512041302,1,,S,60,Böblingen|Sindelfingen|Maichingen|Maichingen Nord|Magstadt|Renningen Süd|Renningen|Rutesheim,8003652,Leonberg,Baden-Württemberg,Leonberg,71229,9.004025993,48.79970547,3,2512041302,,2512041302,,,,,,,,,,,0.0,0.0
-661438075088023210-2512041242-13,7630,2512041313,2512041313,2,,S,6,Stuttgart Schwabstr.|Stuttgart Feuersee|Stuttgart Stadtmitte|Stuttgart Hbf (tief)|Stuttgart Nord|Stuttgart-Feuerbach|Stuttgart-Zuffenhausen|Neuwirtshaus(Porscheplatz)|Korntal|Weilimdorf|Ditzingen|Höfingen,8003652,Leonberg,Baden-Württemberg,Leonberg,71229,9.004025993,48.79970547,3,2512041320,,2512041321,,h,1,Bauarbeiten,,,,,,,7.0,8.0
-6618548157105238962-2512041333-5,7637,2512041347,2512041347,1,,S,6,Weil der Stadt|Malmsheim|Renningen|Rutesheim,8003652,Leonberg,Baden-Württemberg,Leonberg,71229,9.004025993,48.79970547,3,2512041348,,2512041348,,h,1,Bauarbeiten,,,,,,,1.0,1.0
-6266903130374520756-2512041312-13,7632,2512041343,2512041343,2,,S,6,Stuttgart Schwabstr.|Stuttgart Feuersee|Stuttgart Stadtmitte|Stuttgart Hbf (tief)|Stuttgart Nord|Stuttgart-Feuerbach|Stuttgart-Zuffenhausen|Neuwirtshaus(Porscheplatz)|Korntal|Weilimdorf|Ditzingen|Höfingen,8003652,Leonberg,Baden-Württemberg,Leonberg,71229,9.004025993,48.79970547,3,2512041348,,2512041348,,h,1,Bauarbeiten,,,,,,,5.0,5.0
-4671468548274859337-2512041248-5,7931,2512041302,2512041302,1,,S,6,Weil der Stadt|Malmsheim|Renningen|Rutesheim,8003652,Leonberg,Baden-Württemberg,Leonberg,71229,9.004025993,48.79970547,3,2512041302,,2512041302,,,,,,,,,,,0.0,0.0
-6736509556138660402-2512041304-9,7033,2512041332,2512041332,1,,S,60,Böblingen|Sindelfingen|Maichingen|Maichingen Nord|Magstadt|Renningen Süd|Renningen|Rutesheim,8003652,Leonberg,Baden-Württemberg,Leonberg,71229,9.004025993,48.79970547,3,2512041332,,2512041333,,,,,,,,,,,0.0,1.0
-7683922748438555510-2512041303-5,7635,2512041317,2512041317,1,,S,6,Weil der Stadt|Malmsheim|Renningen|Rutesheim,8003652,Leonberg,Baden-Württemberg,Leonberg,71229,9.004025993,48.79970547,3,2512041321,,2512041321,,h,1,Bauarbeiten,,,,,,,4.0,4.0
-5532415123701834684-2512041339-8,7938,2512041358,2512041358,2,,S,6,Stuttgart-Feuerbach|Stuttgart-Zuffenhausen|Neuwirtshaus(Porscheplatz)|Korntal|Weilimdorf|Ditzingen|Höfingen,8003652,Leonberg,Baden-Württemberg,Leonberg,71229,9.004025993,48.79970547,3,2512041400,,2512041401,,,,,,,,,,,2.0,3.0
-3357476612343189405-2512041309-8,7036,2512041328,2512041328,2,,S,60,Stuttgart-Feuerbach|Stuttgart-Zuffenhausen|Neuwirtshaus(Porscheplatz)|Korntal|Weilimdorf|Ditzingen|Höfingen,8003652,Leonberg,Baden-Württemberg,Leonberg,71229,9.004025993,48.79970547,3,2512041328,,2512041329,,,,,,,,,,,0.0,1.0
4811093792071374983-2512041318-5,7933,2512041332,2512041332,1,,S,6,Weil der Stadt|Malmsheim|Renningen|Rutesheim,8003652,Leonberg,Baden-Württemberg,Leonberg,71229,9.004025993,48.79970547,3,2512041332,,2512041333,,,,,,,,,,,0.0,1.0
-117664068110103176-2512041339-8,7038,2512041358,2512041358,2,,S,60,Stuttgart-Feuerbach|Stuttgart-Zuffenhausen|Neuwirtshaus(Porscheplatz)|Korntal|Weilimdorf|Ditzingen|Höfingen,8003652,Leonberg,Baden-Württemberg,Leonberg,71229,9.004025993,48.79970547,3,2512041400,,2512041401,,,,,,,,,,,2.0,3.0
6635133046999028508-2512041309-8,7936,2512041328,2512041328,2,,S,6,Stuttgart-Feuerbach|Stuttgart-Zuffenhausen|Neuwirtshaus(Porscheplatz)|Korntal|Weilimdorf|Ditzingen|Höfingen,8003652,Leonberg,Baden-Württemberg,Leonberg,71229,9.004025993,48.79970547,3,2512041328,,2512041329,,,,,,,,,,,0.0,1.0
-2228586882643936433-2512041322-9,7534,2512041343,2512041344,2,,S,5,Stuttgart Schwabstr.|Stuttgart Feuersee|Stuttgart Stadtmitte|Stuttgart Hbf (tief)|Stuttgart Nord|Stuttgart-Feuerbach|Stuttgart-Zuffenhausen|Kornwestheim Pbf,8000235,Ludwigsburg,Baden-Württemberg,Ludwigsburg,71638,9.185229823,48.89208622,3,2512041345,,2512041345,,,,,,,,,,,2.0,1.0
-8940297413789405434-2512041317-9,28402,2512041338,2512041339,2,,S,4,Stuttgart Schwabstr.|Stuttgart Feuersee|Stuttgart Stadtmitte|Stuttgart Hbf (tief)|Stuttgart Nord|Stuttgart-Feuerbach|Stuttgart-Zuffenhausen|Kornwestheim Pbf,8000235,Ludwigsburg,Baden-Württemberg,Ludwigsburg,71638,9.185229823,48.89208622,3,2512041341,,2512041341,,h,1,Bauarbeiten,,,,,,,3.0,2.0
4844064976280640565-2512041136-21,19319,2512041304,2512041305,4,,MEX,18,Osterburken|Adelsheim Ost|Sennfeld|Roigheim|Möckmühl|Züttlingen|Siglingen|Neudenau|Herbolzheim(Jagst)|Untergriesheim|Bad Friedrichshall Hbf|Neckarsulm|Heilbronn Sülmertor|Heilbronn Hbf|Nordheim(Württ)|Lauffen(Neckar)|Kirchheim(Neckar)|Walheim(Württ)|Besigheim|Bietigheim-Bissingen,8000235,Ludwigsburg,Baden-Württemberg,Ludwigsburg,71638,9.185229823,48.89208622,3,2512041309,,2512041310,,,,,,,,,,,5.0,5.0
6555495071308560297-2512041310-5,28399,2512041321,2512041321,3,,S,4,Marbach(Neckar)|Benningen(Neckar)|Freiberg(Neckar)|Favoritepark,8000235,Ludwigsburg,Baden-Württemberg,Ludwigsburg,71638,9.185229823,48.89208622,3,2512041325,,2512041326,,h,1,Bauarbeiten,,,,,,,4.0,5.0
-4525949924591958884-2512041332-9,7432,2512041353,2512041354,2,,S,4,Stuttgart Schwabstr.|Stuttgart Feuersee|Stuttgart Stadtmitte|Stuttgart Hbf (tief)|Stuttgart Nord|Stuttgart-Feuerbach|Stuttgart-Zuffenhausen|Kornwestheim Pbf,8000235,Ludwigsburg,Baden-Württemberg,Ludwigsburg,71638,9.185229823,48.89208622,3,2512041355,,2512041355,,h,1,Bauarbeiten,,,,,,,2.0,1.0
814731639790360377-2512041137-9,19067,2512041338,2512041340,4,,RE,8,Würzburg Hbf|Lauda|Osterburken|Möckmühl|Bad Friedrichshall Hbf|Neckarsulm|Heilbronn Hbf|Bietigheim-Bissingen,8000235,Ludwigsburg,Baden-Württemberg,Ludwigsburg,71638,9.185229823,48.89208622,3,2512041412,,2512041414,,h,3,Information,,,Würzburg Hbf|Lauda|Osterburken|Möckmühl|Bad Friedrichshall Hbf|Neckarsulm|Heilbronn Hbf|Bietigheim-Bissingen,Stuttgart Hbf,,,34.0,34.0
1489000931947209853-2512041258-7,19318,2512041352,2512041353,1,,MEX,18,Nürtingen|Wendlingen(Neckar)|Plochingen|Esslingen(Neckar)|Stuttgart-Bad Cannstatt|Stuttgart Hbf,8000235,Ludwigsburg,Baden-Württemberg,Ludwigsburg,71638,9.185229823,48.89208622,3,2512041352,,2512041353,,,,,,,,,,,0.0,0.0
-5995002106705392995-2512041247-9,28400,2512041308,2512041309,2,,S,4,Stuttgart Schwabstr.|Stuttgart Feuersee|Stuttgart Stadtmitte|Stuttgart Hbf (tief)|Stuttgart Nord|Stuttgart-Feuerbach|Stuttgart-Zuffenhausen|Kornwestheim Pbf,8000235,Ludwigsburg,Baden-Württemberg,Ludwigsburg,71638,9.185229823,48.89208622,3,2512041312,,2512041312,,h,1,Bauarbeiten,,,,,,,4.0,3.0
-5817753767787077907-2512041255-5,7433,2512041306,2512041306,3,,S,4,Marbach(Neckar)|Benningen(Neckar)|Freiberg(Neckar)|Favoritepark,8000235,Ludwigsburg,Baden-Württemberg,Ludwigsburg,71638,9.185229823,48.89208622,3,2512041306,2,2512041308,2,h,1,Bauarbeiten,,,,,,,0.0,2.0
5676083710581804497-2512041347-2,19616,2512041356,2512041357,1,,MEX,17c,Stuttgart Hbf,8000235,Ludwigsburg,Baden-Württemberg,Ludwigsburg,71638,9.185229823,48.89208622,3,2512041414,,2512041415,,,,,,,,,,,18.0,18.0
-4288525857753429602-2512041252-4,28469,2512041301,2512041301,3,,S,5,Bietigheim-Bissingen|Tamm(Württ)|Asperg,8000235,Ludwigsburg,Baden-Württemberg,Ludwigsburg,71638,9.185229823,48.89208622,3,2512041304,4,2512041306,4,,,,,,,,,,3.0,5.0
-6700422537624249946-2512041322-4,28471,2512041331,2512041331,3,,S,5,Bietigheim-Bissingen|Tamm(Württ)|Asperg,8000235,Ludwigsburg,Baden-Württemberg,Ludwigsburg,71638,9.185229823,48.89208622,3,2512041331,,2512041332,,,,,,,,,,,0.0,1.0
869904643309471534-2512041214-13,19517,2512041300,2512041300,4,,MEX,17a,Pforzheim Hbf|Eutingen(Baden)|Niefern|Enzberg|Mühlacker|Mühlacker Rößlesweg|Illingen(Württ)|Vaihingen(Enz)|Sersheim|Sachsenheim|Ellental|Bietigheim-Bissingen,8000235,Ludwigsburg,Baden-Württemberg,Ludwigsburg,71638,9.185229823,48.89208622,3,2512041301,,2512041302,,,,,,,,,,,1.0,2.0
-3437080300610736781-2512041347-2,19516,2512041356,2512041357,1,,MEX,17a,Stuttgart Hbf,8000235,Ludwigsburg,Baden-Württemberg,Ludwigsburg,71638,9.185229823,48.89208622,3,2512041415,,2512041416,,,,,,,,,,,19.0,19.0
4309725567208038944-2512041257-8,19225,2512041331,2512041332,4,,MEX,12,Heilbronn Hbf|Nordheim(Württ)|Lauffen(Neckar)|Kirchheim(Neckar)|Walheim(Württ)|Besigheim|Bietigheim-Bissingen,8000235,Ludwigsburg,Baden-Württemberg,Ludwigsburg,71638,9.185229823,48.89208622,3,2512041350,,2512041351,,,,,,,,,,,19.0,19.0
-2205886530121673447-2512041337-4,7537,2512041346,2512041346,3,,S,5,Bietigheim-Bissingen|Tamm(Württ)|Asperg,8000235,Ludwigsburg,Baden-Württemberg,Ludwigsburg,71638,9.185229823,48.89208622,3,2512041346,,2512041347,,,,,,,,,,,0.0,1.0
3446437154248263798-2512041233-8,19230,2512041328,2512041329,1,,MEX,12,Nürtingen|Oberboihingen|Wendlingen(Neckar)|Plochingen|Esslingen(Neckar)|Stuttgart-Bad Cannstatt|Stuttgart Hbf,8000235,Ludwigsburg,Baden-Württemberg,Ludwigsburg,71638,9.185229823,48.89208622,3,2512041335,,2512041335,,,,,,,,,,,7.0,6.0
-5311335166810349053-2512041307-4,7535,2512041316,2512041316,3,,S,5,Bietigheim-Bissingen|Tamm(Württ)|Asperg,8000235,Ludwigsburg,Baden-Württemberg,Ludwigsburg,71638,9.185229823,48.89208622,3,2512041317,,2512041318,,,,,,,,,,,1.0,2.0
-3085481889421354950-2512041337-9,28470,2512041358,2512041359,2,,S,5,Stuttgart Schwabstr.|Stuttgart Feuersee|Stuttgart Stadtmitte|Stuttgart Hbf (tief)|Stuttgart Nord|Stuttgart-Feuerbach|Stuttgart-Zuffenhausen|Kornwestheim Pbf,8000235,Ludwigsburg,Baden-Württemberg,Ludwigsburg,71638,9.185229823,48.89208622,3,2512041401,,2512041402,,,,,,,,,,,3.0,3.0
4907785515978563886-2512041302-9,7430,2512041323,2512041324,2,,S,4,Stuttgart Schwabstr.|Stuttgart Feuersee|Stuttgart Stadtmitte|Stuttgart Hbf (tief)|Stuttgart Nord|Stuttgart-Feuerbach|Stuttgart-Zuffenhausen|Kornwestheim Pbf,8000235,Ludwigsburg,Baden-Württemberg,Ludwigsburg,71638,9.185229823,48.89208622,3,2512041324,,2512041325,,h,1,Bauarbeiten,,,,,,,1.0,1.0
2715788132942076371-2512041307-9,28468,2512041328,2512041329,2,,S,5,Stuttgart Schwabstr.|Stuttgart Feuersee|Stuttgart Stadtmitte|Stuttgart Hbf (tief)|Stuttgart Nord|Stuttgart-Feuerbach|Stuttgart-Zuffenhausen|Kornwestheim Pbf,8000235,Ludwigsburg,Baden-Württemberg,Ludwigsburg,71638,9.185229823,48.89208622,3,2512041328,,2512041329,,,,,,,,,,,0.0,0.0
-2856551024654522696-2512041135-25,19617,2512041300,2512041300,4,,MEX,17c,Bruchsal|Bruchsal Tunnelstraße|Bruchsal Schlachthof|Heidelsheim Nord|Heidelsheim|Helmsheim|Gondelsheim Schlossstadion|Gondelsheim(Baden)|Diedelsheim|Bretten|Bretten Rechberg|Bretten-Ruit|Knittlingen-Kleinvillars|Ölbronn-Dürrn|Maulbronn West|Ötisheim|Mühlacker|Mühlacker Rößlesweg|Illingen(Württ)|Vaihingen(Enz)|Sersheim|Sachsenheim|Ellental|Bietigheim-Bissingen,8000235,Ludwigsburg,Baden-Württemberg,Ludwigsburg,71638,9.185229823,48.89208622,3,2512041301,,2512041302,,,,,,,,,,,1.0,2.0
-3203630707390472652-2512041306-2,19070,2512041318,2512041321,1,,RE,8,Stuttgart Hbf,8000235,Ludwigsburg,Baden-Württemberg,Ludwigsburg,71638,9.185229823,48.89208622,3,2512041328,,2512041328,,h,3,Information,,,,,,,10.0,7.0
-1459044685595923916-2512041252-9,7532,2512041313,2512041314,2,,S,5,Stuttgart Schwabstr.|Stuttgart Feuersee|Stuttgart Stadtmitte|Stuttgart Hbf (tief)|Stuttgart Nord|Stuttgart-Feuerbach|Stuttgart-Zuffenhausen|Kornwestheim Pbf,8000235,Ludwigsburg,Baden-Württemberg,Ludwigsburg,71638,9.185229823,48.89208622,3,2512041318,,2512041319,,,,,,,,,,,5.0,5.0
-8143374333923627216-2512041325-5,7435,2512041336,2512041336,3,,S,4,Marbach(Neckar)|Benningen(Neckar)|Freiberg(Neckar)|Favoritepark,8000235,Ludwigsburg,Baden-Württemberg,Ludwigsburg,71638,9.185229823,48.89208622,3,2512041337,,2512041337,,h,1,Bauarbeiten,,,,,,,1.0,1.0
7993369286273643102-2512041340-5,28401,2512041351,2512041351,3,,S,4,Marbach(Neckar)|Benningen(Neckar)|Freiberg(Neckar)|Favoritepark,8000235,Ludwigsburg,Baden-Württemberg,Ludwigsburg,71638,9.185229823,48.89208622,3,2512041351,,2512041351,,h,1,Bauarbeiten,,,,,,,0.0,0.0
-661438075088023210-2512041242-16,7630,2512041324,2512041324,1,,S,6,Stuttgart Schwabstr.|Stuttgart Feuersee|Stuttgart Stadtmitte|Stuttgart Hbf (tief)|Stuttgart Nord|Stuttgart-Feuerbach|Stuttgart-Zuffenhausen|Neuwirtshaus(Porscheplatz)|Korntal|Weilimdorf|Ditzingen|Höfingen|Leonberg|Rutesheim|Renningen,8003831,Malmsheim,Baden-Württemberg,Renningen,71272,8.905105557,48.77183564,5,2512041329,,2512041330,,h,1,Bauarbeiten,,,,,,,5.0,6.0
-6618548157105238962-2512041333-2,7637,2512041335,2512041335,2,,S,6,Weil der Stadt,8003831,Malmsheim,Baden-Württemberg,Renningen,71272,8.905105557,48.77183564,5,2512041339,,2512041339,,h,1,Bauarbeiten,,,,,,,4.0,4.0
-6266903130374520756-2512041312-16,7632,2512041354,2512041354,1,,S,6,Stuttgart Schwabstr.|Stuttgart Feuersee|Stuttgart Stadtmitte|Stuttgart Hbf (tief)|Stuttgart Nord|Stuttgart-Feuerbach|Stuttgart-Zuffenhausen|Neuwirtshaus(Porscheplatz)|Korntal|Weilimdorf|Ditzingen|Höfingen|Leonberg|Rutesheim|Renningen,8003831,Malmsheim,Baden-Württemberg,Renningen,71272,8.905105557,48.77183564,5,2512041356,,2512041356,,h,1,Bauarbeiten,,,,,,,2.0,2.0
2350915488892498341-2512041239-11,7934,2512041309,2512041309,1,,S,6,Stuttgart-Feuerbach|Stuttgart-Zuffenhausen|Neuwirtshaus(Porscheplatz)|Korntal|Weilimdorf|Ditzingen|Höfingen|Leonberg|Rutesheim|Renningen,8003831,Malmsheim,Baden-Württemberg,Renningen,71272,8.905105557,48.77183564,5,2512041312,,2512041313,,,,,,,,,,,3.0,4.0
-7683922748438555510-2512041303-2,7635,2512041305,2512041305,2,,S,6,Weil der Stadt,8003831,Malmsheim,Baden-Württemberg,Renningen,71272,8.905105557,48.77183564,5,2512041313,,2512041313,,h,1,Bauarbeiten,,,,,,,8.0,8.0
-935841109059292920-2512041348-2,7935,2512041350,2512041350,2,,S,6,Weil der Stadt,8003831,Malmsheim,Baden-Württemberg,Renningen,71272,8.905105557,48.77183564,5,2512041350,,2512041351,,,,,,,,,,,0.0,1.0
4811093792071374983-2512041318-2,7933,2512041320,2512041320,2,,S,6,Weil der Stadt,8003831,Malmsheim,Baden-Württemberg,Renningen,71272,8.905105557,48.77183564,5,2512041322,,2512041322,,,,,,,,,,,2.0,2.0
6635133046999028508-2512041309-11,7936,2512041339,2512041339,1,,S,6,Stuttgart-Feuerbach|Stuttgart-Zuffenhausen|Neuwirtshaus(Porscheplatz)|Korntal|Weilimdorf|Ditzingen|Höfingen|Leonberg|Rutesheim|Renningen,8003831,Malmsheim,Baden-Württemberg,Renningen,71272,8.905105557,48.77183564,5,2512041339,,2512041340,,,,,,,,,,,0.0,1.0
-8940297413789405434-2512041317-13,28402,2512041350,,1,,S,,Stuttgart Schwabstr.|Stuttgart Feuersee|Stuttgart Stadtmitte|Stuttgart Hbf (tief)|Stuttgart Nord|Stuttgart-Feuerbach|Stuttgart-Zuffenhausen|Kornwestheim Pbf|Ludwigsburg|Favoritepark|Freiberg(Neckar)|Benningen(Neckar),8003853,Marbach (Neckar),Baden-Württemberg,Marbach am Neckar,71672,9.264611825,48.9437708,3,2512041356,,,,h,1,Bauarbeiten,,,,,,,6.0,0.0
6555495071308560297-2512041310-1,28399,,2512041310,,,S,4,,8003853,Marbach (Neckar),Baden-Württemberg,Marbach am Neckar,71672,9.264611825,48.9437708,3,,,2512041313,,h,1,Bauarbeiten,,,,,,,0.0,3.0
-5064439108993580211-2512041303-7,17534,2512041347,2512041351,,,MEX,90,Schwäbisch Hall-Hessental|Gaildorf West|Murrhardt|Sulzbach(Murr)|Oppenweiler(Württ)|Backnang,8003853,Marbach (Neckar),Baden-Württemberg,Marbach am Neckar,71672,9.264611825,48.9437708,3,2512041350,1,2512041352,1,,,,,,,,,,3.0,1.0
-5995002106705392995-2512041247-13,28400,2512041320,,1,,S,,Stuttgart Schwabstr.|Stuttgart Feuersee|Stuttgart Stadtmitte|Stuttgart Hbf (tief)|Stuttgart Nord|Stuttgart-Feuerbach|Stuttgart-Zuffenhausen|Kornwestheim Pbf|Ludwigsburg|Favoritepark|Freiberg(Neckar)|Benningen(Neckar),8003853,Marbach (Neckar),Baden-Württemberg,Marbach am Neckar,71672,9.264611825,48.9437708,3,2512041325,,,,h,1,Bauarbeiten,,,,,,,5.0,0.0
274132191596644042-2512041241-2,88619,2512041300,2512041302,,,RE,90,Stuttgart Hbf,8003853,Marbach (Neckar),Baden-Württemberg,Marbach am Neckar,71672,9.264611825,48.9437708,3,2512041308,1,2512041308,1,,,,,,,,,,8.0,6.0
5693136962771673302-2512041232-13,7428,2512041305,,1,,S,,Stuttgart Schwabstr.|Stuttgart Feuersee|Stuttgart Stadtmitte|Stuttgart Hbf (tief)|Stuttgart Nord|Stuttgart-Feuerbach|Stuttgart-Zuffenhausen|Kornwestheim Pbf|Ludwigsburg|Favoritepark|Freiberg(Neckar)|Benningen(Neckar),8003853,Marbach (Neckar),Baden-Württemberg,Marbach am Neckar,71672,9.264611825,48.9437708,3,2512041312,,,,h,1,Bauarbeiten,,,,,,,7.0,0.0
-9055288979822431193-2512041355-1,7437,,2512041355,,,S,4,,8003853,Marbach (Neckar),Baden-Württemberg,Marbach am Neckar,71672,9.264611825,48.9437708,3,,,2512041356,,h,1,Bauarbeiten,,,,,,,0.0,1.0
4907785515978563886-2512041302-13,7430,2512041335,,1,,S,,Stuttgart Schwabstr.|Stuttgart Feuersee|Stuttgart Stadtmitte|Stuttgart Hbf (tief)|Stuttgart Nord|Stuttgart-Feuerbach|Stuttgart-Zuffenhausen|Kornwestheim Pbf|Ludwigsburg|Favoritepark|Freiberg(Neckar)|Benningen(Neckar),8003853,Marbach (Neckar),Baden-Württemberg,Marbach am Neckar,71672,9.264611825,48.9437708,3,2512041336,,,,h,1,Bauarbeiten,,,,,,,1.0,0.0
-8143374333923627216-2512041325-1,7435,,2512041325,,,S,4,,8003853,Marbach (Neckar),Baden-Württemberg,Marbach am Neckar,71672,9.264611825,48.9437708,3,,,2512041325,,h,1,Bauarbeiten,,,,,,,0.0,0.0
7993369286273643102-2512041340-1,28401,,2512041340,,,S,4,,8003853,Marbach (Neckar),Baden-Württemberg,Marbach am Neckar,71672,9.264611825,48.9437708,3,,,2512041340,,h,1,Bauarbeiten,,,,,,,0.0,0.0
6987531824011246251-2512041257-7,7330,2512041314,2512041315,2,,S,3,Fellbach|Waiblingen|Neustadt-Hohenacker|Schwaikheim|Winnenden|Nellmersbach,8003913,Maubach,Baden-Württemberg,Backnang,71522,9.419487062,48.92623463,4,2512041315,,2512041316,,h,1,Bauarbeiten,,,,,,,1.0,1.0
2986443659247538640-2512041327-7,7332,2512041344,2512041345,2,,S,3,Fellbach|Waiblingen|Neustadt-Hohenacker|Schwaikheim|Winnenden|Nellmersbach,8003913,Maubach,Baden-Württemberg,Backnang,71522,9.419487062,48.92623463,4,2512041346,,2512041346,,h,1,Bauarbeiten,,,,,,,2.0,1.0
4534703989086356326-2512041341-2,7337,2512041343,2512041344,1,,S,3,Backnang,8003913,Maubach,Baden-Württemberg,Backnang,71522,9.419487062,48.92623463,4,2512041344,,2512041344,,h,1,Bauarbeiten,,,,,,,1.0,0.0
3957279639892378053-2512041311-2,7335,2512041313,2512041314,1,,S,3,Backnang,8003913,Maubach,Baden-Württemberg,Backnang,71522,9.419487062,48.92623463,4,2512041314,,2512041314,,h,1,Bauarbeiten,,,,,,,1.0,0.0
6987531824011246251-2512041257-6,7330,2512041311,2512041312,2,,S,3,Fellbach|Waiblingen|Neustadt-Hohenacker|Schwaikheim|Winnenden,8004233,Nellmersbach,Baden-Württemberg,Leutenbach,71397,9.415421538,48.90336425,5,2512041312,,2512041313,,h,1,Bauarbeiten,,,,,,,1.0,1.0
2986443659247538640-2512041327-6,7332,2512041341,2512041342,2,,S,3,Fellbach|Waiblingen|Neustadt-Hohenacker|Schwaikheim|Winnenden,8004233,Nellmersbach,Baden-Württemberg,Leutenbach,71397,9.415421538,48.90336425,5,2512041343,,2512041343,,h,1,Bauarbeiten,,,,,,,2.0,1.0
4534703989086356326-2512041341-3,7337,2512041346,2512041346,1,,S,3,Backnang|Maubach,8004233,Nellmersbach,Baden-Württemberg,Leutenbach,71397,9.415421538,48.90336425,5,2512041347,,2512041347,,h,1,Bauarbeiten,,,,,,,1.0,1.0
3957279639892378053-2512041311-3,7335,2512041316,2512041316,1,,S,3,Backnang|Maubach,8004233,Nellmersbach,Baden-Württemberg,Leutenbach,71397,9.415421538,48.90336425,5,2512041316,,2512041317,,h,1,Bauarbeiten,,,,,,,0.0,1.0
6987531824011246251-2512041257-3,7330,2512041303,2512041303,1,,S,3,Fellbach|Waiblingen,8004333,Neustadt-Hohenacker,Baden-Württemberg,Waiblingen,71336,9.32455106,48.85921668,5,2512041303,,2512041304,,h,1,Bauarbeiten,,,,,,,0.0,1.0
2986443659247538640-2512041327-3,7332,2512041333,2512041333,1,,S,3,Fellbach|Waiblingen,8004333,Neustadt-Hohenacker,Baden-Württemberg,Waiblingen,71336,9.32455106,48.85921668,5,2512041334,,2512041334,,h,1,Bauarbeiten,,,,,,,1.0,1.0
4534703989086356326-2512041341-6,7337,2512041355,2512041355,2,,S,3,Backnang|Maubach|Nellmersbach|Winnenden|Schwaikheim,8004333,Neustadt-Hohenacker,Baden-Württemberg,Waiblingen,71336,9.32455106,48.85921668,5,2512041356,,2512041356,,h,1,Bauarbeiten,,,,,,,1.0,1.0
3957279639892378053-2512041311-6,7335,2512041325,2512041325,2,,S,3,Backnang|Maubach|Nellmersbach|Winnenden|Schwaikheim,8004333,Neustadt-Hohenacker,Baden-Württemberg,Waiblingen,71336,9.32455106,48.85921668,5,2512041326,,2512041325,,h,1,Bauarbeiten,,,,,,,1.0,0.0
-8244462081615470367-2512041234-14,7031,2512041316,2512041316,2,,S,60,Böblingen|Sindelfingen|Maichingen|Maichingen Nord|Magstadt|Renningen Süd|Renningen|Rutesheim|Leonberg|Höfingen|Ditzingen|Weilimdorf|Korntal,8004338,Neuwirtshaus (Porscheplatz),Baden-Württemberg,Stuttgart,70435,9.151955614,48.83384734,4,2512041320,,2512041321,,,,,,,,,,,4.0,5.0
-6266903130374520756-2512041312-8,7632,2512041328,2512041328,2,,S,6,Stuttgart Schwabstr.|Stuttgart Feuersee|Stuttgart Stadtmitte|Stuttgart Hbf (tief)|Stuttgart Nord|Stuttgart-Feuerbach|Stuttgart-Zuffenhausen,8004338,Neuwirtshaus (Porscheplatz),Baden-Württemberg,Stuttgart,70435,9.151955614,48.83384734,4,2512041333,,2512041335,,h,1,Bauarbeiten,,,,,,,5.0,7.0
1188384783134199026-2512041342-8,7634,2512041358,2512041358,2,,S,6,Stuttgart Schwabstr.|Stuttgart Feuersee|Stuttgart Stadtmitte|Stuttgart Hbf (tief)|Stuttgart Nord|Stuttgart-Feuerbach|Stuttgart-Zuffenhausen,8004338,Neuwirtshaus (Porscheplatz),Baden-Württemberg,Stuttgart,70435,9.151955614,48.83384734,4,2512041402,,2512041404,,h,1,Bauarbeiten,,,,,,,4.0,6.0
-8922964933325247623-2512041233-10,7633,2512041301,2512041301,2,,S,6,Weil der Stadt|Malmsheim|Renningen|Rutesheim|Leonberg|Höfingen|Ditzingen|Weilimdorf|Korntal,8004338,Neuwirtshaus (Porscheplatz),Baden-Württemberg,Stuttgart,70435,9.151955614,48.83384734,4,2512041302,,2512041303,,h,1,Bauarbeiten,,,,,,,1.0,2.0
-4671468548274859337-2512041248-10,7931,2512041316,2512041316,2,,S,6,Weil der Stadt|Malmsheim|Renningen|Rutesheim|Leonberg|Höfingen|Ditzingen|Weilimdorf|Korntal,8004338,Neuwirtshaus (Porscheplatz),Baden-Württemberg,Stuttgart,70435,9.151955614,48.83384734,4,2512041320,,2512041321,,,,,,,,,,,4.0,5.0
-6736509556138660402-2512041304-14,7033,2512041346,2512041346,2,,S,60,Böblingen|Sindelfingen|Maichingen|Maichingen Nord|Magstadt|Renningen Süd|Renningen|Rutesheim|Leonberg|Höfingen|Ditzingen|Weilimdorf|Korntal,8004338,Neuwirtshaus (Porscheplatz),Baden-Württemberg,Stuttgart,70435,9.151955614,48.83384734,4,2512041354,,2512041354,,,,,,,,,,,8.0,8.0
-7683922748438555510-2512041303-10,7635,2512041331,2512041331,2,,S,6,Weil der Stadt|Malmsheim|Renningen|Rutesheim|Leonberg|Höfingen|Ditzingen|Weilimdorf|Korntal,8004338,Neuwirtshaus (Porscheplatz),Baden-Württemberg,Stuttgart,70435,9.151955614,48.83384734,4,2512041339,,2512041340,,h,1,Bauarbeiten,,,,,,,8.0,9.0
-5532415123701834684-2512041339-3,7938,2512041343,2512041343,2,,S,6,Stuttgart-Feuerbach|Stuttgart-Zuffenhausen,8004338,Neuwirtshaus (Porscheplatz),Baden-Württemberg,Stuttgart,70435,9.151955614,48.83384734,4,2512041347,,2512041348,,,,,,,,,,,4.0,5.0
-3357476612343189405-2512041309-3,7036,2512041313,2512041313,2,,S,60,Stuttgart-Feuerbach|Stuttgart-Zuffenhausen,8004338,Neuwirtshaus (Porscheplatz),Baden-Württemberg,Stuttgart,70435,9.151955614,48.83384734,4,2512041314,,2512041316,,,,,,,,,,,1.0,3.0
4811093792071374983-2512041318-10,7933,2512041346,2512041346,2,,S,6,Weil der Stadt|Malmsheim|Renningen|Rutesheim|Leonberg|Höfingen|Ditzingen|Weilimdorf|Korntal,8004338,Neuwirtshaus (Porscheplatz),Baden-Württemberg,Stuttgart,70435,9.151955614,48.83384734,4,2512041354,,2512041354,,,,,,,,,,,8.0,8.0
-117664068110103176-2512041339-3,7038,2512041343,2512041343,2,,S,60,Stuttgart-Feuerbach|Stuttgart-Zuffenhausen,8004338,Neuwirtshaus (Porscheplatz),Baden-Württemberg,Stuttgart,70435,9.151955614,48.83384734,4,2512041347,,2512041348,,,,,,,,,,,4.0,5.0
6635133046999028508-2512041309-3,7936,2512041313,2512041313,2,,S,6,Stuttgart-Feuerbach|Stuttgart-Zuffenhausen,8004338,Neuwirtshaus (Porscheplatz),Baden-Württemberg,Stuttgart,70435,9.151955614,48.83384734,4,2512041314,,2512041316,,,,,,,,,,,1.0,3.0
-6319936848544854600-2512041220-28,7133,2512041340,2512041340,1,,S,1,Kirchheim(Teck)|Kirchheim(Teck)-Ötlingen|Wendlingen(Neckar)|Wernau(Neckar)|Plochingen|Altbach|Esslingen-Zell|Oberesslingen|Esslingen(Neckar)|Esslingen-Mettingen|Stuttgart-Obertürkheim|Stuttgart-Untertürkheim|Stuttgart Neckarpark|Stuttgart-Bad Cannstatt|Stuttgart Hbf (tief)|Stuttgart Stadtmitte|Stuttgart Feuersee|Stuttgart Schwabstr.|Stuttgart Universität|Stuttgart-Österfeld|Stuttgart-Vaihingen|Stuttgart-Rohr|Goldberg(Württ)|Böblingen|Hulb|Ehningen(b Böblingen)|Gärtringen,8004490,Nufringen,Baden-Württemberg,Nufringen,71154,8.889817485,48.62010967,5,2512041342,,2512041342,,h,1,Bauarbeiten,,,,,,,2.0,2.0
-1936486939046904827-2512041331-2,7734,2512041334,2512041334,2,,S,1,Herrenberg,8004490,Nufringen,Baden-Württemberg,Nufringen,71154,8.889817485,48.62010967,5,2512041335,,2512041336,,h,1,Bauarbeiten,,,,,,,1.0,2.0
6860077973327279202-2512041316-2,7136,2512041319,2512041319,2,,S,1,Herrenberg,8004490,Nufringen,Baden-Württemberg,Nufringen,71154,8.889817485,48.62010967,5,2512041324,,2512041324,,h,1,Bauarbeiten,,,,,,,5.0,5.0
4736637014602700336-2512041150-28,7131,2512041310,2512041310,1,,S,1,Kirchheim(Teck)|Kirchheim(Teck)-Ötlingen|Wendlingen(Neckar)|Wernau(Neckar)|Plochingen|Altbach|Esslingen-Zell|Oberesslingen|Esslingen(Neckar)|Esslingen-Mettingen|Stuttgart-Obertürkheim|Stuttgart-Untertürkheim|Stuttgart Neckarpark|Stuttgart-Bad Cannstatt|Stuttgart Hbf (tief)|Stuttgart Stadtmitte|Stuttgart Feuersee|Stuttgart Schwabstr.|Stuttgart Universität|Stuttgart-Österfeld|Stuttgart-Vaihingen|Stuttgart-Rohr|Goldberg(Württ)|Böblingen|Hulb|Ehningen(b Böblingen)|Gärtringen,8004490,Nufringen,Baden-Württemberg,Nufringen,71154,8.889817485,48.62010967,5,2512041316,,2512041316,,h,1,Bauarbeiten,,,,,,,6.0,6.0
6042905361873535715-2512041346-2,7138,2512041349,2512041349,2,,S,1,Herrenberg,8004490,Nufringen,Baden-Württemberg,Nufringen,71154,8.889817485,48.62010967,5,2512041350,,2512041350,,h,1,Bauarbeiten,,,,,,,1.0,1.0
9220221134919700364-2512041305-8,7733,2512041325,2512041325,1,,S,1,Stuttgart-Vaihingen|Stuttgart-Rohr|Goldberg(Württ)|Böblingen|Hulb|Ehningen(b Böblingen)|Gärtringen,8004490,Nufringen,Baden-Württemberg,Nufringen,71154,8.889817485,48.62010967,5,2512041327,,2512041327,,h,1,Bauarbeiten,,,,,,,2.0,2.0
5925841418672271349-2512041335-8,7735,2512041355,2512041355,1,,S,1,Stuttgart-Vaihingen|Stuttgart-Rohr|Goldberg(Württ)|Böblingen|Hulb|Ehningen(b Böblingen)|Gärtringen,8004490,Nufringen,Baden-Württemberg,Nufringen,71154,8.889817485,48.62010967,5,2512041359,,2512041359,,h,1,Bauarbeiten,,,,,,,4.0,4.0
3993915534975484274-2512041333-5,56034,2512041345,2512041345,2,,S,2,Filderstadt|Stuttgart Flughafen/Messe|Echterdingen|Leinfelden,8004496,Oberaichen,Baden-Württemberg,Leinfelden-Echterdingen,70771,9.12743664,48.70512422,5,2512041345,,2512041346,,,,,,,,,,,0.0,1.0
-7145620013091648078-2512041311-10,56113,2512041334,2512041334,1,,S,3,Stuttgart-Bad Cannstatt|Stuttgart Hbf (tief)|Stuttgart Stadtmitte|Stuttgart Feuersee|Stuttgart Schwabstr.|Stuttgart Universität|Stuttgart-Österfeld|Stuttgart-Vaihingen|Stuttgart-Rohr,8004496,Oberaichen,Baden-Württemberg,Leinfelden-Echterdingen,70771,9.12743664,48.70512422,5,2512041335,,2512041336,,,,,,,,,,,1.0,2.0
7061212763636631939-2512041251-10,56033,2512041314,2512041314,1,,S,2,Stuttgart-Bad Cannstatt|Stuttgart Hbf (tief)|Stuttgart Stadtmitte|Stuttgart Feuersee|Stuttgart Schwabstr.|Stuttgart Universität|Stuttgart-Österfeld|Stuttgart-Vaihingen|Stuttgart-Rohr,8004496,Oberaichen,Baden-Württemberg,Leinfelden-Echterdingen,70771,9.12743664,48.70512422,5,2512041316,,2512041316,,,,,,,,,,,2.0,2.0
-365780276574415312-2512041241-10,56111,2512041304,2512041304,1,,S,3,Stuttgart-Bad Cannstatt|Stuttgart Hbf (tief)|Stuttgart Stadtmitte|Stuttgart Feuersee|Stuttgart Schwabstr.|Stuttgart Universität|Stuttgart-Österfeld|Stuttgart-Vaihingen|Stuttgart-Rohr,8004496,Oberaichen,Baden-Württemberg,Leinfelden-Echterdingen,70771,9.12743664,48.70512422,5,2512041305,,2512041304,,,,,,,,,,,1.0,0.0
-2627990392458637808-2512041348-4,56116,2512041355,2512041355,2,,S,3,Stuttgart Flughafen/Messe|Echterdingen|Leinfelden,8004496,Oberaichen,Baden-Württemberg,Leinfelden-Echterdingen,70771,9.12743664,48.70512422,5,2512041355,,2512041355,,,,,,,,,,,0.0,0.0
-4511803896361159245-2512041318-4,56114,2512041325,2512041325,2,,S,3,Stuttgart Flughafen/Messe|Echterdingen|Leinfelden,8004496,Oberaichen,Baden-Württemberg,Leinfelden-Echterdingen,70771,9.12743664,48.70512422,5,2512041325,,2512041325,,,,,,,,,,,0.0,0.0
-288669336801421707-2512041303-5,56032,2512041315,2512041315,2,,S,2,Filderstadt|Stuttgart Flughafen/Messe|Echterdingen|Leinfelden,8004496,Oberaichen,Baden-Württemberg,Leinfelden-Echterdingen,70771,9.12743664,48.70512422,5,2512041315,,2512041316,,,,,,,,,,,0.0,1.0
107482304069760705-2512041321-10,56035,2512041344,2512041344,1,,S,2,Stuttgart-Bad Cannstatt|Stuttgart Hbf (tief)|Stuttgart Stadtmitte|Stuttgart Feuersee|Stuttgart Schwabstr.|Stuttgart Universität|Stuttgart-Österfeld|Stuttgart-Vaihingen|Stuttgart-Rohr,8004496,Oberaichen,Baden-Württemberg,Leinfelden-Echterdingen,70771,9.12743664,48.70512422,5,2512041347,,2512041348,,,,,,,,,,,3.0,4.0
5941834571298649161-2512041320-8,7137,2512041345,2512041345,3,,S,1,Kirchheim(Teck)|Kirchheim(Teck)-Ötlingen|Wendlingen(Neckar)|Wernau(Neckar)|Plochingen|Altbach|Esslingen-Zell,8004528,Oberesslingen,Baden-Württemberg,Esslingen am Neckar,73730,9.327277435,48.72983585,3,2512041345,,2512041345,,h,1,Bauarbeiten,,,,,,,0.0,0.0
1692997485605395662-2512041250-8,7135,2512041315,2512041315,3,,S,1,Kirchheim(Teck)|Kirchheim(Teck)-Ötlingen|Wendlingen(Neckar)|Wernau(Neckar)|Plochingen|Altbach|Esslingen-Zell,8004528,Oberesslingen,Baden-Württemberg,Esslingen am Neckar,73730,9.327277435,48.72983585,3,2512041315,,2512041316,,h,1,Bauarbeiten,,,,,,,0.0,1.0
-5490041423935091879-2512041246-22,7134,2512041344,2512041344,4,,S,1,Herrenberg|Nufringen|Gärtringen|Ehningen(b Böblingen)|Hulb|Böblingen|Goldberg(Württ)|Stuttgart-Rohr|Stuttgart-Vaihingen|Stuttgart-Österfeld|Stuttgart Universität|Stuttgart Schwabstr.|Stuttgart Feuersee|Stuttgart Stadtmitte|Stuttgart Hbf (tief)|Stuttgart-Bad Cannstatt|Stuttgart Neckarpark|Stuttgart-Untertürkheim|Stuttgart-Obertürkheim|Esslingen-Mettingen|Esslingen(Neckar),8004528,Oberesslingen,Baden-Württemberg,Esslingen am Neckar,73730,9.327277435,48.72983585,3,2512041346,,2512041347,,h,1,Bauarbeiten,,,,,,,2.0,3.0
3410717060998267101-2512041216-22,7132,2512041314,2512041314,4,,S,1,Herrenberg|Nufringen|Gärtringen|Ehningen(b Böblingen)|Hulb|Böblingen|Goldberg(Württ)|Stuttgart-Rohr|Stuttgart-Vaihingen|Stuttgart-Österfeld|Stuttgart Universität|Stuttgart Schwabstr.|Stuttgart Feuersee|Stuttgart Stadtmitte|Stuttgart Hbf (tief)|Stuttgart-Bad Cannstatt|Stuttgart Neckarpark|Stuttgart-Untertürkheim|Stuttgart-Obertürkheim|Esslingen-Mettingen|Esslingen(Neckar),8004528,Oberesslingen,Baden-Württemberg,Esslingen am Neckar,73730,9.327277435,48.72983585,3,2512041319,,2512041319,,h,1,Bauarbeiten,,,,,,,5.0,5.0
984626810860205742-2512041300-1,19141,,2512041300,,,MEX,16,,8000302,Plochingen,Baden-Württemberg,Plochingen,73207,9.411294578,48.71293906,2,,,2512041307,,,,,,,,,,,0.0,7.0
-7154120026866727774-2512041145-7,4214,2512041302,2512041303,1,,RE,5,Biberach(Riß) Süd|Biberach(Riß)|Laupheim West|Ulm Hbf|Geislingen(Steige)|Göppingen,8000302,Plochingen,Baden-Württemberg,Plochingen,73207,9.411294578,48.71293906,2,2512041305,,2512041306,,h,2,Information,,,,,,,3.0,3.0
4844064976280640565-2512041136-25,19319,2512041344,2512041345,9,,MEX,18,Osterburken|Adelsheim Ost|Sennfeld|Roigheim|Möckmühl|Züttlingen|Siglingen|Neudenau|Herbolzheim(Jagst)|Untergriesheim|Bad Friedrichshall Hbf|Neckarsulm|Heilbronn Sülmertor|Heilbronn Hbf|Nordheim(Württ)|Lauffen(Neckar)|Kirchheim(Neckar)|Walheim(Württ)|Besigheim|Bietigheim-Bissingen|Ludwigsburg|Stuttgart Hbf|Stuttgart-Bad Cannstatt|Esslingen(Neckar),8000302,Plochingen,Baden-Württemberg,Plochingen,73207,9.411294578,48.71293906,2,2512041353,7,2512041354,7,c,,,,,,,,,9.0,9.0
6288693472489437119-2512041339-3,4219,2512041355,2512041356,4,,RE,5,Stuttgart Hbf|Esslingen(Neckar),8000302,Plochingen,Baden-Württemberg,Plochingen,73207,9.411294578,48.71293906,2,2512041357,,2512041359,,h,2,Information,,,,,,,2.0,3.0
5998846641817558479-2512041236-19,19144,2512041357,,3,,MEX,,Ulm Hbf|Beimerstetten|Westerstetten|Lonsee|Urspring|Amstetten(Württ)|Geislingen(Steige)|Geislingen(Steige)West|Kuchen|Gingen(Fils)|Süßen|Salach|Eislingen(Fils)|Göppingen|Faurndau|Uhingen|Ebersbach(Fils)|Reichenbach(Fils),8000302,Plochingen,Baden-Württemberg,Plochingen,73207,9.411294578,48.71293906,2,2512041358,,,,c,,,,,,,,,1.0,0.0
-1055706884727263053-2512041248-13,19142,2512041328,2512041334,1,,MEX,16,Geislingen(Steige)|Geislingen(Steige)West|Kuchen|Gingen(Fils)|Süßen|Salach|Eislingen(Fils)|Göppingen|Faurndau|Uhingen|Ebersbach(Fils)|Reichenbach(Fils),8000302,Plochingen,Baden-Württemberg,Plochingen,73207,9.411294578,48.71293906,2,2512041330,,2512041335,,,,,,,,,,,2.0,1.0
1489000931947209853-2512041258-3,19318,2512041311,2512041312,6,,MEX,18,Nürtingen|Wendlingen(Neckar),8000302,Plochingen,Baden-Württemberg,Plochingen,73207,9.411294578,48.71293906,2,2512041314,,2512041314,,,,,,,,,,,3.0,2.0
5941834571298649161-2512041320-5,7137,2512041335,2512041338,9,,S,1,Kirchheim(Teck)|Kirchheim(Teck)-Ötlingen|Wendlingen(Neckar)|Wernau(Neckar),8000302,Plochingen,Baden-Württemberg,Plochingen,73207,9.411294578,48.71293906,2,2512041335,7,2512041338,7,h,1,Bauarbeiten,,,,,,,0.0,0.0
1692997485605395662-2512041250-5,7135,2512041305,2512041308,9,,S,1,Kirchheim(Teck)|Kirchheim(Teck)-Ötlingen|Wendlingen(Neckar)|Wernau(Neckar),8000302,Plochingen,Baden-Württemberg,Plochingen,73207,9.411294578,48.71293906,2,2512041305,7,2512041308,7,h,1,Bauarbeiten,,,,,,,0.0,0.0
-5490041423935091879-2512041246-25,7134,2512041352,,9,,S,,Herrenberg|Nufringen|Gärtringen|Ehningen(b Böblingen)|Hulb|Böblingen|Goldberg(Württ)|Stuttgart-Rohr|Stuttgart-Vaihingen|Stuttgart-Österfeld|Stuttgart Universität|Stuttgart Schwabstr.|Stuttgart Feuersee|Stuttgart Stadtmitte|Stuttgart Hbf (tief)|Stuttgart-Bad Cannstatt|Stuttgart Neckarpark|Stuttgart-Untertürkheim|Stuttgart-Obertürkheim|Esslingen-Mettingen|Esslingen(Neckar)|Oberesslingen|Esslingen-Zell|Altbach,8000302,Plochingen,Baden-Württemberg,Plochingen,73207,9.411294578,48.71293906,2,2512041353,10,,,h,1,Bauarbeiten,,,,,,,1.0,0.0
-4551723767241374086-2512041355-1,56784,,2512041355,,,S,1,,8000302,Plochingen,Baden-Württemberg,Plochingen,73207,9.411294578,48.71293906,2,,,2512041358,,,,,,,,,,,0.0,3.0
-2238422087255895154-2512041325-1,56782,,2512041325,,,S,1,,8000302,Plochingen,Baden-Württemberg,Plochingen,73207,9.411294578,48.71293906,2,,,2512041325,10,,,,,,,,,,0.0,0.0
-700024245818587928-2512041303-4,19143,2512041326,2512041330,4,,MEX,16,Stuttgart Hbf|Stuttgart-Bad Cannstatt|Esslingen(Neckar),8000302,Plochingen,Baden-Württemberg,Plochingen,73207,9.411294578,48.71293906,2,2512041326,,2512041330,,,,,,,,,,,0.0,0.0
-4982644085739770299-2512041157-12,19223,2512041311,2512041312,9,,MEX,12,Heilbronn Hbf|Nordheim(Württ)|Lauffen(Neckar)|Kirchheim(Neckar)|Walheim(Württ)|Besigheim|Bietigheim-Bissingen|Ludwigsburg|Stuttgart Hbf|Stuttgart-Bad Cannstatt|Esslingen(Neckar),8000302,Plochingen,Baden-Württemberg,Plochingen,73207,9.411294578,48.71293906,2,2512041333,10,2512041337,10,,,,,,,,,,22.0,25.0
6816789827706060315-2512041333-4,19232,2512041347,2512041348,6,,MEX,12,Nürtingen|Oberboihingen|Wendlingen(Neckar),8000302,Plochingen,Baden-Württemberg,Plochingen,73207,9.411294578,48.71293906,2,2512041348,,2512041348,,c,,,,,,,,,1.0,0.0
3410717060998267101-2512041216-25,7132,2512041322,,9,,S,,Herrenberg|Nufringen|Gärtringen|Ehningen(b Böblingen)|Hulb|Böblingen|Goldberg(Württ)|Stuttgart-Rohr|Stuttgart-Vaihingen|Stuttgart-Österfeld|Stuttgart Universität|Stuttgart Schwabstr.|Stuttgart Feuersee|Stuttgart Stadtmitte|Stuttgart Hbf (tief)|Stuttgart-Bad Cannstatt|Stuttgart Neckarpark|Stuttgart-Untertürkheim|Stuttgart-Obertürkheim|Esslingen-Mettingen|Esslingen(Neckar)|Oberesslingen|Esslingen-Zell|Altbach,8000302,Plochingen,Baden-Württemberg,Plochingen,73207,9.411294578,48.71293906,2,2512041313,,,,h,1,Bauarbeiten,,,,,,,-9.0,0.0
-661438075088023210-2512041242-15,7630,2512041319,2512041322,3,,S,6,Stuttgart Schwabstr.|Stuttgart Feuersee|Stuttgart Stadtmitte|Stuttgart Hbf (tief)|Stuttgart Nord|Stuttgart-Feuerbach|Stuttgart-Zuffenhausen|Neuwirtshaus(Porscheplatz)|Korntal|Weilimdorf|Ditzingen|Höfingen|Leonberg|Rutesheim,8000313,Renningen,Baden-Württemberg,Renningen,71272,8.932650148,48.77515509,3,2512041327,,2512041327,,h,1,Bauarbeiten,,,,,,,8.0,5.0
-6618548157105238962-2512041333-3,7637,2512041337,2512041341,2,,S,6,Weil der Stadt|Malmsheim,8000313,Renningen,Baden-Württemberg,Renningen,71272,8.932650148,48.77515509,3,2512041342,,2512041342,,h,1,Bauarbeiten,,,,,,,5.0,1.0
-6266903130374520756-2512041312-15,7632,2512041349,2512041352,3,,S,6,Stuttgart Schwabstr.|Stuttgart Feuersee|Stuttgart Stadtmitte|Stuttgart Hbf (tief)|Stuttgart Nord|Stuttgart-Feuerbach|Stuttgart-Zuffenhausen|Neuwirtshaus(Porscheplatz)|Korntal|Weilimdorf|Ditzingen|Höfingen|Leonberg|Rutesheim,8000313,Renningen,Baden-Württemberg,Renningen,71272,8.932650148,48.77515509,3,2512041354,,2512041354,,h,1,Bauarbeiten,,,,,,,5.0,2.0
-6979903820146248028-2512041334-7,7035,2512041350,2512041356,2,,S,60,Böblingen|Sindelfingen|Maichingen|Maichingen Nord|Magstadt|Renningen Süd,8000313,Renningen,Baden-Württemberg,Renningen,71272,8.932650148,48.77515509,3,2512041351,,2512041356,,,,,,,,,,,1.0,0.0
2350915488892498341-2512041239-10,7934,2512041304,2512041307,3,,S,6,Stuttgart-Feuerbach|Stuttgart-Zuffenhausen|Neuwirtshaus(Porscheplatz)|Korntal|Weilimdorf|Ditzingen|Höfingen|Leonberg|Rutesheim,8000313,Renningen,Baden-Württemberg,Renningen,71272,8.932650148,48.77515509,3,2512041308,,2512041310,,,,,,,,,,,4.0,3.0
6406318432251840082-2512041239-10,7034,2512041304,2512041309,3,,S,60,Stuttgart-Feuerbach|Stuttgart-Zuffenhausen|Neuwirtshaus(Porscheplatz)|Korntal|Weilimdorf|Ditzingen|Höfingen|Leonberg|Rutesheim,8000313,Renningen,Baden-Württemberg,Renningen,71272,8.932650148,48.77515509,3,2512041308,,2512041311,,,,,,,,,,,4.0,2.0
-6736509556138660402-2512041304-7,7033,2512041320,2512041326,2,,S,60,Böblingen|Sindelfingen|Maichingen|Maichingen Nord|Magstadt|Renningen Süd,8000313,Renningen,Baden-Württemberg,Renningen,71272,8.932650148,48.77515509,3,2512041321,,2512041327,,,,,,,,,,,1.0,1.0
-7683922748438555510-2512041303-3,7635,2512041307,2512041311,2,,S,6,Weil der Stadt|Malmsheim,8000313,Renningen,Baden-Württemberg,Renningen,71272,8.932650148,48.77515509,3,2512041315,,2512041315,,h,1,Bauarbeiten,,,,,,,8.0,4.0
-935841109059292920-2512041348-3,7935,2512041353,2512041356,2,,S,6,Weil der Stadt|Malmsheim,8000313,Renningen,Baden-Württemberg,Renningen,71272,8.932650148,48.77515509,3,2512041354,,2512041356,,,,,,,,,,,1.0,0.0
-3357476612343189405-2512041309-10,7036,2512041334,2512041339,3,,S,60,Stuttgart-Feuerbach|Stuttgart-Zuffenhausen|Neuwirtshaus(Porscheplatz)|Korntal|Weilimdorf|Ditzingen|Höfingen|Leonberg|Rutesheim,8000313,Renningen,Baden-Württemberg,Renningen,71272,8.932650148,48.77515509,3,2512041334,,2512041342,,,,,,,,,,,0.0,3.0
4811093792071374983-2512041318-3,7933,2512041323,2512041326,2,,S,6,Weil der Stadt|Malmsheim,8000313,Renningen,Baden-Württemberg,Renningen,71272,8.932650148,48.77515509,3,2512041325,,2512041327,,,,,,,,,,,2.0,1.0
6635133046999028508-2512041309-10,7936,2512041334,2512041337,3,,S,6,Stuttgart-Feuerbach|Stuttgart-Zuffenhausen|Neuwirtshaus(Porscheplatz)|Korntal|Weilimdorf|Ditzingen|Höfingen|Leonberg|Rutesheim,8000313,Renningen,Baden-Württemberg,Renningen,71272,8.932650148,48.77515509,3,2512041334,,2512041337,,,,,,,,,,,0.0,0.0
6223730688488220237-2512041318-9,7237,2512041336,2512041337,2,,S,2,Schorndorf|Weiler(Rems)|Winterbach(b Schorndorf)|Geradstetten|Grunbach|Beutelsbach|Endersbach|Stetten-Beinstein,8005157,Rommelshausen,Baden-Württemberg,Kernen,71394,9.319175885,48.81552017,4,2512041337,,2512041339,,,,,,,,,,,1.0,2.0
-2770168325908074713-2512041248-9,7235,2512041306,2512041307,2,,S,2,Schorndorf|Weiler(Rems)|Winterbach(b Schorndorf)|Geradstetten|Grunbach|Beutelsbach|Endersbach|Stetten-Beinstein,8005157,Rommelshausen,Baden-Württemberg,Kernen,71394,9.319175885,48.81552017,4,2512041307,,2512041309,,,,,,,,,,,1.0,2.0
2585056089149631421-2512041320-2,7230,2512041322,2512041322,1,,S,2,Waiblingen,8005157,Rommelshausen,Baden-Württemberg,Kernen,71394,9.319175885,48.81552017,4,2512041322,,2512041322,,,,,,,,,,,0.0,0.0
-796422872490314153-2512041350-2,7232,2512041352,2512041352,1,,S,2,Waiblingen,8005157,Rommelshausen,Baden-Württemberg,Kernen,71394,9.319175885,48.81552017,4,2512041352,,2512041353,,,,,,,,,,,0.0,1.0
-661438075088023210-2512041242-14,7630,2512041316,2512041316,2,,S,6,Stuttgart Schwabstr.|Stuttgart Feuersee|Stuttgart Stadtmitte|Stuttgart Hbf (tief)|Stuttgart Nord|Stuttgart-Feuerbach|Stuttgart-Zuffenhausen|Neuwirtshaus(Porscheplatz)|Korntal|Weilimdorf|Ditzingen|Höfingen|Leonberg,8005236,Rutesheim,Baden-Württemberg,Leonberg,71229,8.960325242,48.79031093,5,2512041324,,2512041325,,h,1,Bauarbeiten,,,,,,,8.0,9.0
-6618548157105238962-2512041333-4,7637,2512041343,2512041344,1,,S,6,Weil der Stadt|Malmsheim|Renningen,8005236,Rutesheim,Baden-Württemberg,Leonberg,71229,8.960325242,48.79031093,5,2512041345,,2512041345,,h,1,Bauarbeiten,,,,,,,2.0,1.0
-6266903130374520756-2512041312-14,7632,2512041346,2512041346,2,,S,6,Stuttgart Schwabstr.|Stuttgart Feuersee|Stuttgart Stadtmitte|Stuttgart Hbf (tief)|Stuttgart Nord|Stuttgart-Feuerbach|Stuttgart-Zuffenhausen|Neuwirtshaus(Porscheplatz)|Korntal|Weilimdorf|Ditzingen|Höfingen|Leonberg,8005236,Rutesheim,Baden-Württemberg,Leonberg,71229,8.960325242,48.79031093,5,2512041351,,2512041351,,h,1,Bauarbeiten,,,,,,,5.0,5.0
-6979903820146248028-2512041334-8,7035,2512041358,2512041359,1,,S,60,Böblingen|Sindelfingen|Maichingen|Maichingen Nord|Magstadt|Renningen Süd|Renningen,8005236,Rutesheim,Baden-Württemberg,Leonberg,71229,8.960325242,48.79031093,5,2512041359,,2512041359,,,,,,,,,,,1.0,0.0
2350915488892498341-2512041239-9,7934,2512041301,2512041301,2,,S,6,Stuttgart-Feuerbach|Stuttgart-Zuffenhausen|Neuwirtshaus(Porscheplatz)|Korntal|Weilimdorf|Ditzingen|Höfingen|Leonberg,8005236,Rutesheim,Baden-Württemberg,Leonberg,71229,8.960325242,48.79031093,5,2512041306,,2512041306,,,,,,,,,,,5.0,5.0
6406318432251840082-2512041239-9,7034,2512041301,2512041301,2,,S,60,Stuttgart-Feuerbach|Stuttgart-Zuffenhausen|Neuwirtshaus(Porscheplatz)|Korntal|Weilimdorf|Ditzingen|Höfingen|Leonberg,8005236,Rutesheim,Baden-Württemberg,Leonberg,71229,8.960325242,48.79031093,5,2512041306,,2512041306,,,,,,,,,,,5.0,5.0
-6736509556138660402-2512041304-8,7033,2512041328,2512041329,1,,S,60,Böblingen|Sindelfingen|Maichingen|Maichingen Nord|Magstadt|Renningen Süd|Renningen,8005236,Rutesheim,Baden-Württemberg,Leonberg,71229,8.960325242,48.79031093,5,2512041330,,2512041330,,,,,,,,,,,2.0,1.0
-7683922748438555510-2512041303-4,7635,2512041313,2512041314,1,,S,6,Weil der Stadt|Malmsheim|Renningen,8005236,Rutesheim,Baden-Württemberg,Leonberg,71229,8.960325242,48.79031093,5,2512041318,,2512041318,,h,1,Bauarbeiten,,,,,,,5.0,4.0
-935841109059292920-2512041348-4,7935,2512041358,2512041359,1,,S,6,Weil der Stadt|Malmsheim|Renningen,8005236,Rutesheim,Baden-Württemberg,Leonberg,71229,8.960325242,48.79031093,5,2512041359,,2512041359,,,,,,,,,,,1.0,0.0
-3357476612343189405-2512041309-9,7036,2512041331,2512041331,2,,S,60,Stuttgart-Feuerbach|Stuttgart-Zuffenhausen|Neuwirtshaus(Porscheplatz)|Korntal|Weilimdorf|Ditzingen|Höfingen|Leonberg,8005236,Rutesheim,Baden-Württemberg,Leonberg,71229,8.960325242,48.79031093,5,2512041332,,2512041332,,,,,,,,,,,1.0,1.0
4811093792071374983-2512041318-4,7933,2512041328,2512041329,1,,S,6,Weil der Stadt|Malmsheim|Renningen,8005236,Rutesheim,Baden-Württemberg,Leonberg,71229,8.960325242,48.79031093,5,2512041330,,2512041330,,,,,,,,,,,2.0,1.0
6635133046999028508-2512041309-9,7936,2512041331,2512041331,2,,S,6,Stuttgart-Feuerbach|Stuttgart-Zuffenhausen|Neuwirtshaus(Porscheplatz)|Korntal|Weilimdorf|Ditzingen|Höfingen|Leonberg,8005236,Rutesheim,Baden-Württemberg,Leonberg,71229,8.960325242,48.79031093,5,2512041332,,2512041332,,,,,,,,,,,1.0,1.0
7920768952237793643-2512041320-1,3152,,2512041320,,,WEG,RB61,,8005424,Schorndorf,Baden-Württemberg,Schorndorf,73614,9.525686251,48.80693898,3,,,2512041320,,r,,,,,,,,,0.0,0.0
5226979901142351578-2512041302-2,75795,2512041313,2512041314,,,MEX,13,Waiblingen,8005424,Schorndorf,Baden-Württemberg,Schorndorf,73614,9.525686251,48.80693898,3,2512041313,2,2512041314,2,,,,,,,,,,0.0,0.0
-1841196102735559439-2512041249-10,3151,2512041309,,5,,WEG,,Rudersberg-Oberndorf|Rudersberg Nord|Rudersberg|Schlechtbach|Michelau(Württ)|Miedelsbach-Steinenberg|Haubersbronn Mitte|Haubersbronn|Schorndorf-Hammerschlag,8005424,Schorndorf,Baden-Württemberg,Schorndorf,73614,9.525686251,48.80693898,3,2512041309,,,,r,,,,,,,,,0.0,0.0
-5738559480003373388-2512041250-10,7228,2512041310,,1,,S,,Waiblingen|Rommelshausen|Stetten-Beinstein|Endersbach|Beutelsbach|Grunbach|Geradstetten|Winterbach(b Schorndorf)|Weiler(Rems),8005424,Schorndorf,Baden-Württemberg,Schorndorf,73614,9.525686251,48.80693898,3,2512041310,,,,,,,,,,,,,0.0,0.0
6223730688488220237-2512041318-1,7237,,2512041318,,,S,2,,8005424,Schorndorf,Baden-Württemberg,Schorndorf,73614,9.525686251,48.80693898,3,,,2512041318,,,,,,,,,,,0.0,0.0
-6126868320491689649-2512041307-9,19422,2512041343,2512041344,3,,MEX,13,Aalen Hbf|Mögglingen(Gmünd)|Böbingen(Rems)|Schwäbisch Gmünd|Lorch(Württ)|Waldhausen(b Schorndorf)|Plüderhausen|Urbach(b Schorndorf),8005424,Schorndorf,Baden-Württemberg,Schorndorf,73614,9.525686251,48.80693898,3,2512041345,,2512041346,,,,,,,,,,,2.0,2.0
1854488700594521932-2512041332-2,19469,2512041343,2512041344,2,,MEX,13,Waiblingen,8005424,Schorndorf,Baden-Württemberg,Schorndorf,73614,9.525686251,48.80693898,3,2512041343,,2512041345,,,,,,,,,,,0.0,1.0
-8059892926335795903-2512041348-1,7239,,2512041348,,,S,2,,8005424,Schorndorf,Baden-Württemberg,Schorndorf,73614,9.525686251,48.80693898,3,,,2512041349,1,,,,,,,,,,0.0,1.0
-1682892274980988680-2512041152-17,19470,2512041313,2512041314,3,,MEX,13,Crailsheim|Jagstzell|Ellwangen|Schrezheim|Schwabsberg|Goldshöfe|Hofen(b Aalen)|Wasseralfingen|Aalen Hbf|Mögglingen(Gmünd)|Böbingen(Rems)|Schwäbisch Gmünd|Lorch(Württ)|Waldhausen(b Schorndorf)|Plüderhausen|Urbach(b Schorndorf),8005424,Schorndorf,Baden-Württemberg,Schorndorf,73614,9.525686251,48.80693898,3,2512041315,,2512041316,,,,,,,,,,,2.0,2.0
2585056089149631421-2512041320-10,7230,2512041340,,1,,S,,Waiblingen|Rommelshausen|Stetten-Beinstein|Endersbach|Beutelsbach|Grunbach|Geradstetten|Winterbach(b Schorndorf)|Weiler(Rems),8005424,Schorndorf,Baden-Württemberg,Schorndorf,73614,9.525686251,48.80693898,3,2512041341,14,,,,,,,,,,,,1.0,0.0
6987531824011246251-2512041257-4,7330,2512041306,2512041306,2,,S,3,Fellbach|Waiblingen|Neustadt-Hohenacker,8005454,Schwaikheim,Baden-Württemberg,Schwaikheim,71409,9.354747358,48.86832665,4,2512041306,,2512041307,,h,1,Bauarbeiten,,,,,,,0.0,1.0
2986443659247538640-2512041327-4,7332,2512041336,2512041336,2,,S,3,Fellbach|Waiblingen|Neustadt-Hohenacker,8005454,Schwaikheim,Baden-Württemberg,Schwaikheim,71409,9.354747358,48.86832665,4,2512041336,,2512041337,,h,1,Bauarbeiten,,,,,,,0.0,1.0
4534703989086356326-2512041341-5,7337,2512041352,2512041353,1,,S,3,Backnang|Maubach|Nellmersbach|Winnenden,8005454,Schwaikheim,Baden-Württemberg,Schwaikheim,71409,9.354747358,48.86832665,4,2512041353,,2512041353,,h,1,Bauarbeiten,,,,,,,1.0,0.0
3957279639892378053-2512041311-5,7335,2512041322,2512041323,1,,S,3,Backnang|Maubach|Nellmersbach|Winnenden,8005454,Schwaikheim,Baden-Württemberg,Schwaikheim,71409,9.354747358,48.86832665,4,2512041323,,2512041323,,h,1,Bauarbeiten,,,,,,,1.0,0.0
-6979903820146248028-2512041334-2,7035,2512041336,2512041337,1,,S,60,Böblingen,8005574,Sindelfingen,Baden-Württemberg,Sindelfingen,71063,8.999262079,48.70387346,6,2512041337,,2512041337,,,,,,,,,,,1.0,0.0
6406318432251840082-2512041239-15,7034,2512041322,2512041323,1,,S,60,Stuttgart-Feuerbach|Stuttgart-Zuffenhausen|Neuwirtshaus(Porscheplatz)|Korntal|Weilimdorf|Ditzingen|Höfingen|Leonberg|Rutesheim|Renningen|Renningen Süd|Magstadt|Maichingen Nord|Maichingen,8005574,Sindelfingen,Baden-Württemberg,Sindelfingen,71063,8.999262079,48.70387346,6,2512041325,,2512041325,,,,,,,,,,,3.0,2.0
-6736509556138660402-2512041304-2,7033,2512041306,2512041307,1,,S,60,Böblingen,8005574,Sindelfingen,Baden-Württemberg,Sindelfingen,71063,8.999262079,48.70387346,6,2512041307,,2512041307,,,,,,,,,,,1.0,0.0
-3357476612343189405-2512041309-15,7036,2512041352,2512041353,1,,S,60,Stuttgart-Feuerbach|Stuttgart-Zuffenhausen|Neuwirtshaus(Porscheplatz)|Korntal|Weilimdorf|Ditzingen|Höfingen|Leonberg|Rutesheim|Renningen|Renningen Süd|Magstadt|Maichingen Nord|Maichingen,8005574,Sindelfingen,Baden-Württemberg,Sindelfingen,71063,8.999262079,48.70387346,6,2512041356,,2512041357,,,,,,,,,,,4.0,4.0
6223730688488220237-2512041318-8,7237,2512041334,2512041334,2,,S,2,Schorndorf|Weiler(Rems)|Winterbach(b Schorndorf)|Geradstetten|Grunbach|Beutelsbach|Endersbach,8005726,Stetten-Beinstein,Baden-Württemberg,Weinstadt,71384,9.352769725,48.81199601,5,2512041335,,2512041334,,,,,,,,,,,1.0,0.0
-2770168325908074713-2512041248-8,7235,2512041304,2512041304,2,,S,2,Schorndorf|Weiler(Rems)|Winterbach(b Schorndorf)|Geradstetten|Grunbach|Beutelsbach|Endersbach,8005726,Stetten-Beinstein,Baden-Württemberg,Weinstadt,71384,9.352769725,48.81199601,5,2512041304,,2512041305,,,,,,,,,,,0.0,1.0
2585056089149631421-2512041320-3,7230,2512041324,2512041324,1,,S,2,Waiblingen|Rommelshausen,8005726,Stetten-Beinstein,Baden-Württemberg,Weinstadt,71384,9.352769725,48.81199601,5,2512041324,,2512041324,,,,,,,,,,,0.0,0.0
-796422872490314153-2512041350-3,7232,2512041354,2512041354,1,,S,2,Waiblingen|Rommelshausen,8005726,Stetten-Beinstein,Baden-Württemberg,Weinstadt,71384,9.352769725,48.81199601,5,2512041355,,2512041355,,,,,,,,,,,1.0,1.0
-6452407069337976676-2512041127-5,518,2512041345,2512041351,9,,ICE,,München Hbf|München-Pasing|Augsburg Hbf|Ulm Hbf,8000096,Stuttgart Hbf,Baden-Württemberg,Stuttgart,70173,9.183172973,48.78473069,1,2512041348,,2512041354,,h,2,Information,,,,,,,3.0,3.0
-7154120026866727774-2512041145-9,4214,2512041320,,9,,RE,,Biberach(Riß) Süd|Biberach(Riß)|Laupheim West|Ulm Hbf|Geislingen(Steige)|Göppingen|Plochingen|Esslingen(Neckar),8000096,Stuttgart Hbf,Baden-Württemberg,Stuttgart,70173,9.183172973,48.78473069,1,2512041323,,,,h,2,Information,,,,,,,3.0,0.0
-9211915764519065279-2512041213-16,17654,2512041342,,2,,RE,,Freudenstadt Hbf|Grüntal-Wittlensweiler|Dornstetten-Aach|Dornstetten|Schopfloch(b Freudenstadt)|Bittelbronn|Horb-Heiligenfeld|Hochdorf(b Horb)|Eutingen Nord|Eutingen im Gäu|Ergenzingen|Bondorf(b Herrenberg)|Gäufelden|Herrenberg|Böblingen,8000096,Stuttgart Hbf,Baden-Württemberg,Stuttgart,70173,9.183172973,48.78473069,1,2512041352,,,,c,,,,,,,,,10.0,0.0
4844064976280640565-2512041136-22,19319,2512041315,2512041322,4,,MEX,18,Osterburken|Adelsheim Ost|Sennfeld|Roigheim|Möckmühl|Züttlingen|Siglingen|Neudenau|Herbolzheim(Jagst)|Untergriesheim|Bad Friedrichshall Hbf|Neckarsulm|Heilbronn Sülmertor|Heilbronn Hbf|Nordheim(Württ)|Lauffen(Neckar)|Kirchheim(Neckar)|Walheim(Württ)|Besigheim|Bietigheim-Bissingen|Ludwigsburg,8000096,Stuttgart Hbf,Baden-Württemberg,Stuttgart,70173,9.183172973,48.78473069,1,2512041322,,2512041330,,,,,,,,,,,7.0,8.0
6288693472489437119-2512041339-1,4219,,2512041339,,,RE,5,,8000096,Stuttgart Hbf,Baden-Württemberg,Stuttgart,70173,9.183172973,48.78473069,1,,,2512041340,,h,2,Information,,,,,,,0.0,1.0
-3299104952756744962-2512041358-1,2162,,2512041358,,,IC,,,8000096,Stuttgart Hbf,Baden-Württemberg,Stuttgart,70173,9.183172973,48.78473069,1,,,2512041359,,h,2,Information,,,,,,,0.0,1.0
814731639790360377-2512041137-10,19067,2512041351,,4,,RE,,Würzburg Hbf|Lauda|Osterburken|Möckmühl|Bad Friedrichshall Hbf|Neckarsulm|Heilbronn Hbf|Bietigheim-Bissingen|Ludwigsburg,8000096,Stuttgart Hbf,Baden-Württemberg,Stuttgart,70173,9.183172973,48.78473069,1,2512041424,,,,h,3,Information,,,Würzburg Hbf|Lauda|Osterburken|Möckmühl|Bad Friedrichshall Hbf|Neckarsulm|Heilbronn Hbf|Bietigheim-Bissingen|Ludwigsburg,,,,33.0,0.0
-1055706884727263053-2512041248-16,19142,2512041350,,12,,MEX,,Geislingen(Steige)|Geislingen(Steige)West|Kuchen|Gingen(Fils)|Süßen|Salach|Eislingen(Fils)|Göppingen|Faurndau|Uhingen|Ebersbach(Fils)|Reichenbach(Fils)|Plochingen|Esslingen(Neckar)|Stuttgart-Bad Cannstatt,8000096,Stuttgart Hbf,Baden-Württemberg,Stuttgart,70173,9.183172973,48.78473069,1,2512041353,12,,,,,,,,,,,,3.0,0.0
671151240950823654-2512041332-1,19016,,2512041332,,,RE,1,,8000096,Stuttgart Hbf,Baden-Württemberg,Stuttgart,70173,9.183172973,48.78473069,1,,,2512041333,,,,,,,,,,,0.0,1.0
1489000931947209853-2512041258-6,19318,2512041328,2512041343,8,,MEX,18,Nürtingen|Wendlingen(Neckar)|Plochingen|Esslingen(Neckar)|Stuttgart-Bad Cannstatt,8000096,Stuttgart Hbf,Baden-Württemberg,Stuttgart,70173,9.183172973,48.78473069,1,2512041331,,2512041343,,,,,,,,,,,3.0,0.0
-243282746352062225-2512041346-1,17531,,2512041346,,,MEX,90,,8000096,Stuttgart Hbf,Baden-Württemberg,Stuttgart,70173,9.183172973,48.78473069,1,,,2512041348,5,,,,,,,,,,0.0,2.0
5676083710581804497-2512041347-1,19616,,2512041347,,,MEX,17c,,8000096,Stuttgart Hbf,Baden-Württemberg,Stuttgart,70173,9.183172973,48.78473069,1,,,2512041405,6,,,,,,,,,,0.0,18.0
869904643309471534-2512041214-14,19517,2512041312,,7,,MEX,,Pforzheim Hbf|Eutingen(Baden)|Niefern|Enzberg|Mühlacker|Mühlacker Rößlesweg|Illingen(Württ)|Vaihingen(Enz)|Sersheim|Sachsenheim|Ellental|Bietigheim-Bissingen|Ludwigsburg,8000096,Stuttgart Hbf,Baden-Württemberg,Stuttgart,70173,9.183172973,48.78473069,1,2512041318,6,,,,,,,,,,,,6.0,0.0
8154109354870610873-2512041317-1,50487,,2512041317,,,RE,87,,8000096,Stuttgart Hbf,Baden-Württemberg,Stuttgart,70173,9.183172973,48.78473069,1,,,2512041322,,h,1,Information,,,,,,,0.0,5.0
7403205991679915736-2512041312-1,2012,,2512041312,,,IC,,,8000096,Stuttgart Hbf,Baden-Württemberg,Stuttgart,70173,9.183172973,48.78473069,1,,,,,h,3,Information,,,,,,c,0.0,0.0
-3437080300610736781-2512041347-1,19516,,2512041347,,,MEX,17a,,8000096,Stuttgart Hbf,Baden-Württemberg,Stuttgart,70173,9.183172973,48.78473069,1,,,2512041406,6,,,,,,,,,,0.0,19.0
4309725567208038944-2512041257-9,19225,2512041342,2512041352,6,,MEX,12,Heilbronn Hbf|Nordheim(Württ)|Lauffen(Neckar)|Kirchheim(Neckar)|Walheim(Württ)|Besigheim|Bietigheim-Bissingen|Ludwigsburg,8000096,Stuttgart Hbf,Baden-Württemberg,Stuttgart,70173,9.183172973,48.78473069,1,2512041404,5,2512041409,5,,,,,,,,,,22.0,17.0
-2221597426497896240-2512040726-12,595,2512041308,2512041315,16,,ICE,,Berlin Hbf|Berlin-Spandau|Stendal Hbf|Wolfsburg Hbf|Braunschweig Hbf|Hildesheim Hbf|Göttingen|Kassel-Wilhelmshöhe|Fulda|Frankfurt(Main)Hbf|Mannheim Hbf,8000096,Stuttgart Hbf,Baden-Württemberg,Stuttgart,70173,9.183172973,48.78473069,1,2512041345,,2512041350,,h,3,Information,,,Berlin Hbf|Berlin-Spandau|Stendal Hbf|Wolfsburg Hbf|Braunschweig Hbf|Hildesheim Hbf|Göttingen|Kassel-Wilhelmshöhe|Fulda|Frankfurt(Main)Hbf|Mannheim Hbf,Ulm Hbf|Augsburg Hbf|München-Pasing|München Hbf,,,37.0,35.0
-4243685153474784824-2512041102-5,566,2512041302,2512041309,10,,ICE,,München Hbf|München-Pasing|Augsburg Hbf|Ulm Hbf,8000096,Stuttgart Hbf,Baden-Württemberg,Stuttgart,70173,9.183172973,48.78473069,1,2512041301,,2512041311,,,,,,,,,,,-1.0,2.0
-2152480262016864945-2512041037-8,280,2512041332,,3,,IC,,Zürich HB|Schaffhausen|Singen(Hohentwiel)|Tuttlingen|Rottweil|Horb|Böblingen,8000096,Stuttgart Hbf,Baden-Württemberg,Stuttgart,70173,9.183172973,48.78473069,1,2512041346,,,,h,1,Information,,,,,,,14.0,0.0
-7365567147152584448-2512040650-8,1241,2512041323,,6,,FLX,,Berlin Hbf|Kassel-Wilhelmshöhe|Fulda|Frankfurt(Main)Süd|Darmstadt Hbf|Weinheim(Bergstr)Hbf|Heidelberg Hbf,8000096,Stuttgart Hbf,Baden-Württemberg,Stuttgart,70173,9.183172973,48.78473069,1,2512041324,14,,,,,,,,,,,,1.0,0.0
-1302275594339840200-2512041323-1,576,,2512041323,,,ICE,,,8000096,Stuttgart Hbf,Baden-Württemberg,Stuttgart,70173,9.183172973,48.78473069,1,,,2512041328,,h,3,Information,,,,,,,0.0,5.0
3446437154248263798-2512041233-7,19230,2512041308,2512041319,3,,MEX,12,Nürtingen|Oberboihingen|Wendlingen(Neckar)|Plochingen|Esslingen(Neckar)|Stuttgart-Bad Cannstatt,8000096,Stuttgart Hbf,Baden-Württemberg,Stuttgart,70173,9.183172973,48.78473069,1,2512041309,,2512041325,,,,,,,,,,,1.0,6.0
-700024245818587928-2512041303-1,19143,,2512041303,,,MEX,16,,8000096,Stuttgart Hbf,Baden-Württemberg,Stuttgart,70173,9.183172973,48.78473069,1,,,2512041304,,,,,,,,,,,0.0,1.0
7518032931546581607-2512041202-11,17652,2512041342,,2,,RE,,Rottweil|Oberndorf(Neckar)|Sulz(Neckar)|Horb|Eutingen im Gäu|Ergenzingen|Bondorf(b Herrenberg)|Gäufelden|Herrenberg|Böblingen,8000096,Stuttgart Hbf,Baden-Württemberg,Stuttgart,70173,9.183172973,48.78473069,1,2512041352,,,,c,,,,,,,,,10.0,0.0
-7830997075578365949-2512041232-7,19015,2512041328,,4,,RE,,Karlsruhe Hbf|Karlsruhe-Durlach|Wilferdingen-Singen|Pforzheim Hbf|Mühlacker|Vaihingen(Enz),8000096,Stuttgart Hbf,Baden-Württemberg,Stuttgart,70173,9.183172973,48.78473069,1,2512041333,7,,,,,,,,,,,,5.0,0.0
5532038320047824464-2512041305-4,2161,2512041358,,14,,IC,,Karlsruhe Hbf|Pforzheim Hbf|Mühlacker,8000096,Stuttgart Hbf,Baden-Württemberg,Stuttgart,70173,9.183172973,48.78473069,1,2512041402,,,,h,2,Information,,,,,,,4.0,0.0
636241588771924637-2512041136-6,50280,2512041332,,3,,RE,,Singen(Hohentwiel)|Tuttlingen|Rottweil|Horb|Böblingen,8000096,Stuttgart Hbf,Baden-Württemberg,Stuttgart,70173,9.183172973,48.78473069,1,2512041346,,,,c,,,,,,,,,14.0,0.0
-2856551024654522696-2512041135-26,19617,2512041312,,7,,MEX,,Bruchsal|Bruchsal Tunnelstraße|Bruchsal Schlachthof|Heidelsheim Nord|Heidelsheim|Helmsheim|Gondelsheim Schlossstadion|Gondelsheim(Baden)|Diedelsheim|Bretten|Bretten Rechberg|Bretten-Ruit|Knittlingen-Kleinvillars|Ölbronn-Dürrn|Maulbronn West|Ötisheim|Mühlacker|Mühlacker Rößlesweg|Illingen(Württ)|Vaihingen(Enz)|Sersheim|Sachsenheim|Ellental|Bietigheim-Bissingen|Ludwigsburg,8000096,Stuttgart Hbf,Baden-Württemberg,Stuttgart,70173,9.183172973,48.78473069,1,2512041318,6,,,,,,,,,,,,6.0,0.0
-2633067915589677226-2512041317-1,487,,2512041317,,,IC,,,8000096,Stuttgart Hbf,Baden-Württemberg,Stuttgart,70173,9.183172973,48.78473069,1,,,2512041322,,h,1,Information,,,,,,,0.0,5.0
-5728292364039562714-2512041038-18,88614,2512041318,,13,,RE,,Nürnberg Hbf|Roßtal|Heilsbronn|Wicklesgreuth|Ansbach|Leutershausen-Wiedersbach|Dombühl|Schnelldorf|Crailsheim|Eckartshausen-Ilshofen|Schwäbisch Hall-Hessental|Gaildorf West|Murrhardt|Sulzbach(Murr)|Oppenweiler(Württ)|Backnang|Marbach(Neckar),8000096,Stuttgart Hbf,Baden-Württemberg,Stuttgart,70173,9.183172973,48.78473069,1,2512041326,13,,,,,,,,,,,,8.0,0.0
-3203630707390472652-2512041306-1,19070,,2512041306,,,RE,8,,8000096,Stuttgart Hbf,Baden-Württemberg,Stuttgart,70173,9.183172973,48.78473069,1,,,2512041319,,h,3,Information,,,,,,,0.0,13.0
5941834571298649161-2512041320-13,7137,2512041357,2512041357,1,,S,1,Kirchheim(Teck)|Kirchheim(Teck)-Ötlingen|Wendlingen(Neckar)|Wernau(Neckar)|Plochingen|Altbach|Esslingen-Zell|Oberesslingen|Esslingen(Neckar)|Esslingen-Mettingen|Stuttgart-Obertürkheim|Stuttgart-Untertürkheim,8006743,Stuttgart Neckarpark,Baden-Württemberg,Stuttgart,70372,9.24106855,48.79194362,4,2512041358,,2512041358,,h,1,Bauarbeiten,,,,,,,1.0,1.0
1692997485605395662-2512041250-13,7135,2512041327,2512041327,1,,S,1,Kirchheim(Teck)|Kirchheim(Teck)-Ötlingen|Wendlingen(Neckar)|Wernau(Neckar)|Plochingen|Altbach|Esslingen-Zell|Oberesslingen|Esslingen(Neckar)|Esslingen-Mettingen|Stuttgart-Obertürkheim|Stuttgart-Untertürkheim,8006743,Stuttgart Neckarpark,Baden-Württemberg,Stuttgart,70372,9.24106855,48.79194362,4,2512041327,,2512041327,,h,1,Bauarbeiten,,,,,,,0.0,0.0
-5490041423935091879-2512041246-17,7134,2512041332,2512041332,2,,S,1,Herrenberg|Nufringen|Gärtringen|Ehningen(b Böblingen)|Hulb|Böblingen|Goldberg(Württ)|Stuttgart-Rohr|Stuttgart-Vaihingen|Stuttgart-Österfeld|Stuttgart Universität|Stuttgart Schwabstr.|Stuttgart Feuersee|Stuttgart Stadtmitte|Stuttgart Hbf (tief)|Stuttgart-Bad Cannstatt,8006743,Stuttgart Neckarpark,Baden-Württemberg,Stuttgart,70372,9.24106855,48.79194362,4,2512041334,,2512041335,,h,1,Bauarbeiten,,,,,,,2.0,3.0
3410717060998267101-2512041216-17,7132,2512041302,2512041302,2,,S,1,Herrenberg|Nufringen|Gärtringen|Ehningen(b Böblingen)|Hulb|Böblingen|Goldberg(Württ)|Stuttgart-Rohr|Stuttgart-Vaihingen|Stuttgart-Österfeld|Stuttgart Universität|Stuttgart Schwabstr.|Stuttgart Feuersee|Stuttgart Stadtmitte|Stuttgart Hbf (tief)|Stuttgart-Bad Cannstatt,8006743,Stuttgart Neckarpark,Baden-Württemberg,Stuttgart,70372,9.24106855,48.79194362,4,2512041306,,2512041307,,h,1,Bauarbeiten,,,,,,,4.0,5.0
-2228586882643936433-2512041322-5,7534,2512041331,2512041331,3,,S,5,Stuttgart Schwabstr.|Stuttgart Feuersee|Stuttgart Stadtmitte|Stuttgart Hbf (tief),8005767,Stuttgart Nord,Baden-Württemberg,Stuttgard-Nord,70174,9.188061449,48.80374161,5,2512041333,,2512041334,,,,,,,,,,,2.0,3.0
-8940297413789405434-2512041317-5,28402,2512041326,2512041326,3,,S,4,Stuttgart Schwabstr.|Stuttgart Feuersee|Stuttgart Stadtmitte|Stuttgart Hbf (tief),8005767,Stuttgart Nord,Baden-Württemberg,Stuttgard-Nord,70174,9.188061449,48.80374161,5,2512041329,,2512041330,,h,1,Bauarbeiten,,,,,,,3.0,4.0
6555495071308560297-2512041310-9,28399,2512041333,2512041334,4,,S,4,Marbach(Neckar)|Benningen(Neckar)|Freiberg(Neckar)|Favoritepark|Ludwigsburg|Kornwestheim Pbf|Stuttgart-Zuffenhausen|Stuttgart-Feuerbach,8005767,Stuttgart Nord,Baden-Württemberg,Stuttgard-Nord,70174,9.188061449,48.80374161,5,2512041337,,2512041339,,h,1,Bauarbeiten,,,,,,,4.0,5.0
7531750134200071940-2512041347-5,28404,2512041356,2512041356,3,,S,4,Stuttgart Schwabstr.|Stuttgart Feuersee|Stuttgart Stadtmitte|Stuttgart Hbf (tief),8005767,Stuttgart Nord,Baden-Württemberg,Stuttgard-Nord,70174,9.188061449,48.80374161,5,2512041356,,2512041359,,h,1,Bauarbeiten,,,,,,,0.0,3.0
-6266903130374520756-2512041312-5,7632,2512041321,2512041321,3,,S,6,Stuttgart Schwabstr.|Stuttgart Feuersee|Stuttgart Stadtmitte|Stuttgart Hbf (tief),8005767,Stuttgart Nord,Baden-Württemberg,Stuttgard-Nord,70174,9.188061449,48.80374161,5,2512041326,,2512041327,,h,1,Bauarbeiten,,,,,,,5.0,6.0
-4525949924591958884-2512041332-5,7432,2512041341,2512041341,3,,S,4,Stuttgart Schwabstr.|Stuttgart Feuersee|Stuttgart Stadtmitte|Stuttgart Hbf (tief),8005767,Stuttgart Nord,Baden-Württemberg,Stuttgard-Nord,70174,9.188061449,48.80374161,5,2512041343,,2512041344,,h,1,Bauarbeiten,,,,,,,2.0,3.0
1188384783134199026-2512041342-5,7634,2512041351,2512041351,3,,S,6,Stuttgart Schwabstr.|Stuttgart Feuersee|Stuttgart Stadtmitte|Stuttgart Hbf (tief),8005767,Stuttgart Nord,Baden-Württemberg,Stuttgard-Nord,70174,9.188061449,48.80374161,5,2512041352,,2512041353,,h,1,Bauarbeiten,,,,,,,1.0,2.0
-8922964933325247623-2512041233-13,7633,2512041308,2512041309,4,,S,6,Weil der Stadt|Malmsheim|Renningen|Rutesheim|Leonberg|Höfingen|Ditzingen|Weilimdorf|Korntal|Neuwirtshaus(Porscheplatz)|Stuttgart-Zuffenhausen|Stuttgart-Feuerbach,8005767,Stuttgart Nord,Baden-Württemberg,Stuttgard-Nord,70174,9.188061449,48.80374161,5,2512041309,,2512041311,,h,1,Bauarbeiten,,,,,,,1.0,2.0
-5817753767787077907-2512041255-9,7433,2512041318,2512041319,4,,S,4,Marbach(Neckar)|Benningen(Neckar)|Freiberg(Neckar)|Favoritepark|Ludwigsburg|Kornwestheim Pbf|Stuttgart-Zuffenhausen|Stuttgart-Feuerbach,8005767,Stuttgart Nord,Baden-Württemberg,Stuttgard-Nord,70174,9.188061449,48.80374161,5,2512041322,,2512041323,,h,1,Bauarbeiten,,,,,,,4.0,4.0
-4288525857753429602-2512041252-8,28469,2512041313,2512041314,4,,S,5,Bietigheim-Bissingen|Tamm(Württ)|Asperg|Ludwigsburg|Kornwestheim Pbf|Stuttgart-Zuffenhausen|Stuttgart-Feuerbach,8005767,Stuttgart Nord,Baden-Württemberg,Stuttgard-Nord,70174,9.188061449,48.80374161,5,2512041318,,2512041319,,,,,,,,,,,5.0,5.0
-6700422537624249946-2512041322-8,28471,2512041343,2512041344,4,,S,5,Bietigheim-Bissingen|Tamm(Württ)|Asperg|Ludwigsburg|Kornwestheim Pbf|Stuttgart-Zuffenhausen|Stuttgart-Feuerbach,8005767,Stuttgart Nord,Baden-Württemberg,Stuttgard-Nord,70174,9.188061449,48.80374161,5,2512041343,,2512041344,,,,,,,,,,,0.0,0.0
-7683922748438555510-2512041303-13,7635,2512041338,2512041339,4,,S,6,Weil der Stadt|Malmsheim|Renningen|Rutesheim|Leonberg|Höfingen|Ditzingen|Weilimdorf|Korntal|Neuwirtshaus(Porscheplatz)|Stuttgart-Zuffenhausen|Stuttgart-Feuerbach,8005767,Stuttgart Nord,Baden-Württemberg,Stuttgard-Nord,70174,9.188061449,48.80374161,5,2512041346,,2512041347,,h,1,Bauarbeiten,,,,,,,8.0,8.0
-2205886530121673447-2512041337-8,7537,2512041358,2512041359,4,,S,5,Bietigheim-Bissingen|Tamm(Württ)|Asperg|Ludwigsburg|Kornwestheim Pbf|Stuttgart-Zuffenhausen|Stuttgart-Feuerbach,8005767,Stuttgart Nord,Baden-Württemberg,Stuttgard-Nord,70174,9.188061449,48.80374161,5,2512041400,,2512041401,,,,,,,,,,,2.0,2.0
-5311335166810349053-2512041307-8,7535,2512041328,2512041329,4,,S,5,Bietigheim-Bissingen|Tamm(Württ)|Asperg|Ludwigsburg|Kornwestheim Pbf|Stuttgart-Zuffenhausen|Stuttgart-Feuerbach,8005767,Stuttgart Nord,Baden-Württemberg,Stuttgard-Nord,70174,9.188061449,48.80374161,5,2512041329,,2512041330,,,,,,,,,,,1.0,1.0
-3085481889421354950-2512041337-5,28470,2512041346,2512041346,3,,S,5,Stuttgart Schwabstr.|Stuttgart Feuersee|Stuttgart Stadtmitte|Stuttgart Hbf (tief),8005767,Stuttgart Nord,Baden-Württemberg,Stuttgard-Nord,70174,9.188061449,48.80374161,5,2512041348,,2512041349,,,,,,,,,,,2.0,3.0
4907785515978563886-2512041302-5,7430,2512041311,2512041311,3,,S,4,Stuttgart Schwabstr.|Stuttgart Feuersee|Stuttgart Stadtmitte|Stuttgart Hbf (tief),8005767,Stuttgart Nord,Baden-Württemberg,Stuttgard-Nord,70174,9.188061449,48.80374161,5,2512041313,,2512041314,,h,1,Bauarbeiten,,,,,,,2.0,3.0
2715788132942076371-2512041307-5,28468,2512041316,2512041316,3,,S,5,Stuttgart Schwabstr.|Stuttgart Feuersee|Stuttgart Stadtmitte|Stuttgart Hbf (tief),8005767,Stuttgart Nord,Baden-Württemberg,Stuttgard-Nord,70174,9.188061449,48.80374161,5,2512041316,,2512041317,,,,,,,,,,,0.0,1.0
-1050718254766280262-2512041240-9,28397,2512041303,2512041304,4,,S,4,Marbach(Neckar)|Benningen(Neckar)|Freiberg(Neckar)|Favoritepark|Ludwigsburg|Kornwestheim Pbf|Stuttgart-Zuffenhausen|Stuttgart-Feuerbach,8005767,Stuttgart Nord,Baden-Württemberg,Stuttgard-Nord,70174,9.188061449,48.80374161,5,2512041306,,2512041307,,h,1,Bauarbeiten,,,,,,,3.0,3.0
-1459044685595923916-2512041252-5,7532,2512041301,2512041301,3,,S,5,Stuttgart Schwabstr.|Stuttgart Feuersee|Stuttgart Stadtmitte|Stuttgart Hbf (tief),8005767,Stuttgart Nord,Baden-Württemberg,Stuttgard-Nord,70174,9.188061449,48.80374161,5,2512041306,,2512041307,,,,,,,,,,,5.0,6.0
-8143374333923627216-2512041325-9,7435,2512041348,2512041349,4,,S,4,Marbach(Neckar)|Benningen(Neckar)|Freiberg(Neckar)|Favoritepark|Ludwigsburg|Kornwestheim Pbf|Stuttgart-Zuffenhausen|Stuttgart-Feuerbach,8005767,Stuttgart Nord,Baden-Württemberg,Stuttgard-Nord,70174,9.188061449,48.80374161,5,2512041350,,2512041350,,h,1,Bauarbeiten,,,,,,,2.0,1.0
-6319936848544854600-2512041220-20,7133,2512041317,2512041317,1,,S,1,Kirchheim(Teck)|Kirchheim(Teck)-Ötlingen|Wendlingen(Neckar)|Wernau(Neckar)|Plochingen|Altbach|Esslingen-Zell|Oberesslingen|Esslingen(Neckar)|Esslingen-Mettingen|Stuttgart-Obertürkheim|Stuttgart-Untertürkheim|Stuttgart Neckarpark|Stuttgart-Bad Cannstatt|Stuttgart Hbf (tief)|Stuttgart Stadtmitte|Stuttgart Feuersee|Stuttgart Schwabstr.|Stuttgart Universität,8005779,Stuttgart Österfeld,Baden-Württemberg,Stuttgart,70563,9.116751457,48.73749946,4,2512041318,,2512041319,,h,1,Bauarbeiten,,,,,,,1.0,2.0
3993915534975484274-2512041333-8,56034,2512041352,2512041352,2,,S,2,Filderstadt|Stuttgart Flughafen/Messe|Echterdingen|Leinfelden|Oberaichen|Stuttgart-Rohr|Stuttgart-Vaihingen,8005779,Stuttgart Österfeld,Baden-Württemberg,Stuttgart,70563,9.116751457,48.73749946,4,2512041353,,2512041354,,,,,,,,,,,1.0,2.0
-7145620013091648078-2512041311-7,56113,2512041327,2512041327,1,,S,3,Stuttgart-Bad Cannstatt|Stuttgart Hbf (tief)|Stuttgart Stadtmitte|Stuttgart Feuersee|Stuttgart Schwabstr.|Stuttgart Universität,8005779,Stuttgart Österfeld,Baden-Württemberg,Stuttgart,70563,9.116751457,48.73749946,4,2512041329,,2512041329,,,,,,,,,,,2.0,2.0
7061212763636631939-2512041251-7,56033,2512041307,2512041307,1,,S,2,Stuttgart-Bad Cannstatt|Stuttgart Hbf (tief)|Stuttgart Stadtmitte|Stuttgart Feuersee|Stuttgart Schwabstr.|Stuttgart Universität,8005779,Stuttgart Österfeld,Baden-Württemberg,Stuttgart,70563,9.116751457,48.73749946,4,2512041309,,2512041309,,,,,,,,,,,2.0,2.0
3678250551835302766-2512041341-7,56115,2512041357,2512041357,1,,S,3,Stuttgart-Bad Cannstatt|Stuttgart Hbf (tief)|Stuttgart Stadtmitte|Stuttgart Feuersee|Stuttgart Schwabstr.|Stuttgart Universität,8005779,Stuttgart Österfeld,Baden-Württemberg,Stuttgart,70563,9.116751457,48.73749946,4,2512041400,,2512041401,,,,,,,,,,,3.0,4.0
6860077973327279202-2512041316-10,7136,2512041342,2512041342,2,,S,1,Herrenberg|Nufringen|Gärtringen|Ehningen(b Böblingen)|Hulb|Böblingen|Goldberg(Württ)|Stuttgart-Rohr|Stuttgart-Vaihingen,8005779,Stuttgart Österfeld,Baden-Württemberg,Stuttgart,70563,9.116751457,48.73749946,4,2512041348,,2512041348,,h,1,Bauarbeiten,,,,,,,6.0,6.0
1692997485605395662-2512041250-20,7135,2512041347,2512041347,1,,S,1,Kirchheim(Teck)|Kirchheim(Teck)-Ötlingen|Wendlingen(Neckar)|Wernau(Neckar)|Plochingen|Altbach|Esslingen-Zell|Oberesslingen|Esslingen(Neckar)|Esslingen-Mettingen|Stuttgart-Obertürkheim|Stuttgart-Untertürkheim|Stuttgart Neckarpark|Stuttgart-Bad Cannstatt|Stuttgart Hbf (tief)|Stuttgart Stadtmitte|Stuttgart Feuersee|Stuttgart Schwabstr.|Stuttgart Universität,8005779,Stuttgart Österfeld,Baden-Württemberg,Stuttgart,70563,9.116751457,48.73749946,4,2512041347,,2512041348,,h,1,Bauarbeiten,,,,,,,0.0,1.0
-5490041423935091879-2512041246-10,7134,2512041312,2512041312,2,,S,1,Herrenberg|Nufringen|Gärtringen|Ehningen(b Böblingen)|Hulb|Böblingen|Goldberg(Württ)|Stuttgart-Rohr|Stuttgart-Vaihingen,8005779,Stuttgart Österfeld,Baden-Württemberg,Stuttgart,70563,9.116751457,48.73749946,4,2512041313,,2512041313,,h,1,Bauarbeiten,,,,,,,1.0,1.0
-3794323979676538163-2512041248-7,56112,2512041302,2512041302,2,,S,3,Stuttgart Flughafen/Messe|Echterdingen|Leinfelden|Oberaichen|Stuttgart-Rohr|Stuttgart-Vaihingen,8005779,Stuttgart Österfeld,Baden-Württemberg,Stuttgart,70563,9.116751457,48.73749946,4,2512041304,,2512041304,,,,,,,,,,,2.0,2.0
-4511803896361159245-2512041318-7,56114,2512041332,2512041332,2,,S,3,Stuttgart Flughafen/Messe|Echterdingen|Leinfelden|Oberaichen|Stuttgart-Rohr|Stuttgart-Vaihingen,8005779,Stuttgart Österfeld,Baden-Württemberg,Stuttgart,70563,9.116751457,48.73749946,4,2512041336,,2512041337,,,,,,,,,,,4.0,5.0
-288669336801421707-2512041303-8,56032,2512041322,2512041322,2,,S,2,Filderstadt|Stuttgart Flughafen/Messe|Echterdingen|Leinfelden|Oberaichen|Stuttgart-Rohr|Stuttgart-Vaihingen,8005779,Stuttgart Österfeld,Baden-Württemberg,Stuttgart,70563,9.116751457,48.73749946,4,2512041322,,2512041322,,,,,,,,,,,0.0,0.0
107482304069760705-2512041321-7,56035,2512041337,2512041337,1,,S,2,Stuttgart-Bad Cannstatt|Stuttgart Hbf (tief)|Stuttgart Stadtmitte|Stuttgart Feuersee|Stuttgart Schwabstr.|Stuttgart Universität,8005779,Stuttgart Österfeld,Baden-Württemberg,Stuttgart,70563,9.116751457,48.73749946,4,2512041338,,2512041338,,,,,,,,,,,1.0,1.0
-6319936848544854600-2512041220-19,7133,2512041315,2512041315,1,,S,1,Kirchheim(Teck)|Kirchheim(Teck)-Ötlingen|Wendlingen(Neckar)|Wernau(Neckar)|Plochingen|Altbach|Esslingen-Zell|Oberesslingen|Esslingen(Neckar)|Esslingen-Mettingen|Stuttgart-Obertürkheim|Stuttgart-Untertürkheim|Stuttgart Neckarpark|Stuttgart-Bad Cannstatt|Stuttgart Hbf (tief)|Stuttgart Stadtmitte|Stuttgart Feuersee|Stuttgart Schwabstr.,8006513,Stuttgart Universität,Baden-Württemberg,Stuttgart,70569,9.105864214,48.74511762,4,2512041316,,2512041317,,h,1,Bauarbeiten,,,,,,,1.0,2.0
3993915534975484274-2512041333-9,56034,2512041354,2512041354,2,,S,2,Filderstadt|Stuttgart Flughafen/Messe|Echterdingen|Leinfelden|Oberaichen|Stuttgart-Rohr|Stuttgart-Vaihingen|Stuttgart-Österfeld,8006513,Stuttgart Universität,Baden-Württemberg,Stuttgart,70569,9.105864214,48.74511762,4,2512041355,,2512041356,,,,,,,,,,,1.0,2.0
-7145620013091648078-2512041311-6,56113,2512041325,2512041325,1,,S,3,Stuttgart-Bad Cannstatt|Stuttgart Hbf (tief)|Stuttgart Stadtmitte|Stuttgart Feuersee|Stuttgart Schwabstr.,8006513,Stuttgart Universität,Baden-Württemberg,Stuttgart,70569,9.105864214,48.74511762,4,2512041327,,2512041327,,,,,,,,,,,2.0,2.0
7061212763636631939-2512041251-6,56033,2512041305,2512041305,1,,S,2,Stuttgart-Bad Cannstatt|Stuttgart Hbf (tief)|Stuttgart Stadtmitte|Stuttgart Feuersee|Stuttgart Schwabstr.,8006513,Stuttgart Universität,Baden-Württemberg,Stuttgart,70569,9.105864214,48.74511762,4,2512041306,,2512041307,,,,,,,,,,,1.0,2.0
3678250551835302766-2512041341-6,56115,2512041355,2512041355,1,,S,3,Stuttgart-Bad Cannstatt|Stuttgart Hbf (tief)|Stuttgart Stadtmitte|Stuttgart Feuersee|Stuttgart Schwabstr.,8006513,Stuttgart Universität,Baden-Württemberg,Stuttgart,70569,9.105864214,48.74511762,4,2512041358,,2512041358,,,,,,,,,,,3.0,3.0
6860077973327279202-2512041316-11,7136,2512041344,2512041344,2,,S,1,Herrenberg|Nufringen|Gärtringen|Ehningen(b Böblingen)|Hulb|Böblingen|Goldberg(Württ)|Stuttgart-Rohr|Stuttgart-Vaihingen|Stuttgart-Österfeld,8006513,Stuttgart Universität,Baden-Württemberg,Stuttgart,70569,9.105864214,48.74511762,4,2512041350,,2512041351,,h,1,Bauarbeiten,,,,,,,6.0,7.0
1692997485605395662-2512041250-19,7135,2512041345,2512041345,1,,S,1,Kirchheim(Teck)|Kirchheim(Teck)-Ötlingen|Wendlingen(Neckar)|Wernau(Neckar)|Plochingen|Altbach|Esslingen-Zell|Oberesslingen|Esslingen(Neckar)|Esslingen-Mettingen|Stuttgart-Obertürkheim|Stuttgart-Untertürkheim|Stuttgart Neckarpark|Stuttgart-Bad Cannstatt|Stuttgart Hbf (tief)|Stuttgart Stadtmitte|Stuttgart Feuersee|Stuttgart Schwabstr.,8006513,Stuttgart Universität,Baden-Württemberg,Stuttgart,70569,9.105864214,48.74511762,4,2512041345,,2512041346,,h,1,Bauarbeiten,,,,,,,0.0,1.0
-5490041423935091879-2512041246-11,7134,2512041314,2512041314,2,,S,1,Herrenberg|Nufringen|Gärtringen|Ehningen(b Böblingen)|Hulb|Böblingen|Goldberg(Württ)|Stuttgart-Rohr|Stuttgart-Vaihingen|Stuttgart-Österfeld,8006513,Stuttgart Universität,Baden-Württemberg,Stuttgart,70569,9.105864214,48.74511762,4,2512041314,,2512041315,,h,1,Bauarbeiten,,,,,,,0.0,1.0
-3794323979676538163-2512041248-8,56112,2512041304,2512041304,2,,S,3,Stuttgart Flughafen/Messe|Echterdingen|Leinfelden|Oberaichen|Stuttgart-Rohr|Stuttgart-Vaihingen|Stuttgart-Österfeld,8006513,Stuttgart Universität,Baden-Württemberg,Stuttgart,70569,9.105864214,48.74511762,4,2512041305,,2512041306,,,,,,,,,,,1.0,2.0
-4511803896361159245-2512041318-8,56114,2512041334,2512041334,2,,S,3,Stuttgart Flughafen/Messe|Echterdingen|Leinfelden|Oberaichen|Stuttgart-Rohr|Stuttgart-Vaihingen|Stuttgart-Österfeld,8006513,Stuttgart Universität,Baden-Württemberg,Stuttgart,70569,9.105864214,48.74511762,4,2512041338,,2512041339,,,,,,,,,,,4.0,5.0
-288669336801421707-2512041303-9,56032,2512041324,2512041324,2,,S,2,Filderstadt|Stuttgart Flughafen/Messe|Echterdingen|Leinfelden|Oberaichen|Stuttgart-Rohr|Stuttgart-Vaihingen|Stuttgart-Österfeld,8006513,Stuttgart Universität,Baden-Württemberg,Stuttgart,70569,9.105864214,48.74511762,4,2512041324,,2512041324,,,,,,,,,,,0.0,0.0
107482304069760705-2512041321-6,56035,2512041335,2512041335,1,,S,2,Stuttgart-Bad Cannstatt|Stuttgart Hbf (tief)|Stuttgart Stadtmitte|Stuttgart Feuersee|Stuttgart Schwabstr.,8006513,Stuttgart Universität,Baden-Württemberg,Stuttgart,70569,9.105864214,48.74511762,4,2512041336,,2512041336,,,,,,,,,,,1.0,1.0
-6319936848544854600-2512041220-14,7133,2512041300,2512041301,1,,S,1,Kirchheim(Teck)|Kirchheim(Teck)-Ötlingen|Wendlingen(Neckar)|Wernau(Neckar)|Plochingen|Altbach|Esslingen-Zell|Oberesslingen|Esslingen(Neckar)|Esslingen-Mettingen|Stuttgart-Obertürkheim|Stuttgart-Untertürkheim|Stuttgart Neckarpark,8005769,Stuttgart-Bad Cannstatt,Baden-Württemberg,Stuttgart,70372,9.217468636,48.80127978,3,2512041301,,2512041302,,h,1,Bauarbeiten,,,,,,,1.0,1.0
4844064976280640565-2512041136-23,19319,2512041327,2512041327,4,,MEX,18,Osterburken|Adelsheim Ost|Sennfeld|Roigheim|Möckmühl|Züttlingen|Siglingen|Neudenau|Herbolzheim(Jagst)|Untergriesheim|Bad Friedrichshall Hbf|Neckarsulm|Heilbronn Sülmertor|Heilbronn Hbf|Nordheim(Württ)|Lauffen(Neckar)|Kirchheim(Neckar)|Walheim(Württ)|Besigheim|Bietigheim-Bissingen|Ludwigsburg|Stuttgart Hbf,8005769,Stuttgart-Bad Cannstatt,Baden-Württemberg,Stuttgart,70372,9.217468636,48.80127978,3,2512041335,,2512041336,,,,,,,,,,,8.0,9.0
-7145620013091648078-2512041311-1,56113,,2512041311,,,S,3,,8005769,Stuttgart-Bad Cannstatt,Baden-Württemberg,Stuttgart,70372,9.217468636,48.80127978,3,,,2512041311,,,,,,,,,,,0.0,0.0
4686229571978930817-2512041351-1,56037,,2512041351,,,S,2,,8005769,Stuttgart-Bad Cannstatt,Baden-Württemberg,Stuttgart,70372,9.217468636,48.80127978,3,,,2512041351,,,,,,,,,,,0.0,0.0
-1055706884727263053-2512041248-15,19142,2512041346,2512041346,5,,MEX,16,Geislingen(Steige)|Geislingen(Steige)West|Kuchen|Gingen(Fils)|Süßen|Salach|Eislingen(Fils)|Göppingen|Faurndau|Uhingen|Ebersbach(Fils)|Reichenbach(Fils)|Plochingen|Esslingen(Neckar),8005769,Stuttgart-Bad Cannstatt,Baden-Württemberg,Stuttgart,70372,9.217468636,48.80127978,3,2512041348,,2512041349,,,,,,,,,,,2.0,3.0
3678250551835302766-2512041341-1,56115,,2512041341,,,S,3,,8005769,Stuttgart-Bad Cannstatt,Baden-Württemberg,Stuttgart,70372,9.217468636,48.80127978,3,,,2512041342,,,,,,,,,,,0.0,1.0
1489000931947209853-2512041258-5,19318,2512041324,2512041325,5,,MEX,18,Nürtingen|Wendlingen(Neckar)|Plochingen|Esslingen(Neckar),8005769,Stuttgart-Bad Cannstatt,Baden-Württemberg,Stuttgart,70372,9.217468636,48.80127978,3,2512041327,,2512041328,,,,,,,,,,,3.0,3.0
6860077973327279202-2512041316-16,7136,2512041359,2512041359,4,,S,1,Herrenberg|Nufringen|Gärtringen|Ehningen(b Böblingen)|Hulb|Böblingen|Goldberg(Württ)|Stuttgart-Rohr|Stuttgart-Vaihingen|Stuttgart-Österfeld|Stuttgart Universität|Stuttgart Schwabstr.|Stuttgart Feuersee|Stuttgart Stadtmitte|Stuttgart Hbf (tief),8005769,Stuttgart-Bad Cannstatt,Baden-Württemberg,Stuttgart,70372,9.217468636,48.80127978,3,2512041406,,2512041407,,h,1,Bauarbeiten,,,,,,,7.0,8.0
1692997485605395662-2512041250-14,7135,2512041330,2512041331,1,,S,1,Kirchheim(Teck)|Kirchheim(Teck)-Ötlingen|Wendlingen(Neckar)|Wernau(Neckar)|Plochingen|Altbach|Esslingen-Zell|Oberesslingen|Esslingen(Neckar)|Esslingen-Mettingen|Stuttgart-Obertürkheim|Stuttgart-Untertürkheim|Stuttgart Neckarpark,8005769,Stuttgart-Bad Cannstatt,Baden-Württemberg,Stuttgart,70372,9.217468636,48.80127978,3,2512041330,,2512041331,,h,1,Bauarbeiten,,,,,,,0.0,0.0
4309725567208038944-2512041257-10,19225,2512041357,2512041357,4,,MEX,12,Heilbronn Hbf|Nordheim(Württ)|Lauffen(Neckar)|Kirchheim(Neckar)|Walheim(Württ)|Besigheim|Bietigheim-Bissingen|Ludwigsburg|Stuttgart Hbf,8005769,Stuttgart-Bad Cannstatt,Baden-Württemberg,Stuttgart,70372,9.217468636,48.80127978,3,2512041413,,2512041414,,,,,,,,,,,16.0,17.0
-5490041423935091879-2512041246-16,7134,2512041329,2512041329,4,,S,1,Herrenberg|Nufringen|Gärtringen|Ehningen(b Böblingen)|Hulb|Böblingen|Goldberg(Württ)|Stuttgart-Rohr|Stuttgart-Vaihingen|Stuttgart-Österfeld|Stuttgart Universität|Stuttgart Schwabstr.|Stuttgart Feuersee|Stuttgart Stadtmitte|Stuttgart Hbf (tief),8005769,Stuttgart-Bad Cannstatt,Baden-Württemberg,Stuttgart,70372,9.217468636,48.80127978,3,2512041331,,2512041332,,h,1,Bauarbeiten,,,,,,,2.0,3.0
-3794323979676538163-2512041248-13,56112,2512041319,,3,,S,,Stuttgart Flughafen/Messe|Echterdingen|Leinfelden|Oberaichen|Stuttgart-Rohr|Stuttgart-Vaihingen|Stuttgart-Österfeld|Stuttgart Universität|Stuttgart Schwabstr.|Stuttgart Feuersee|Stuttgart Stadtmitte|Stuttgart Hbf (tief),8005769,Stuttgart-Bad Cannstatt,Baden-Württemberg,Stuttgart,70372,9.217468636,48.80127978,3,2512041324,,,,,,,,,,,,,5.0,0.0
565274331569361430-2512041233-14,56030,2512041309,,2,,S,,Filderstadt|Stuttgart Flughafen/Messe|Echterdingen|Leinfelden|Oberaichen|Stuttgart-Rohr|Stuttgart-Vaihingen|Stuttgart-Österfeld|Stuttgart Universität|Stuttgart Schwabstr.|Stuttgart Feuersee|Stuttgart Stadtmitte|Stuttgart Hbf (tief),8005769,Stuttgart-Bad Cannstatt,Baden-Württemberg,Stuttgart,70372,9.217468636,48.80127978,3,2512041310,,,,,,,,,,,,,1.0,0.0
3446437154248263798-2512041233-6,19230,2512041303,2512041304,1,,MEX,12,Nürtingen|Oberboihingen|Wendlingen(Neckar)|Plochingen|Esslingen(Neckar),8005769,Stuttgart-Bad Cannstatt,Baden-Württemberg,Stuttgart,70372,9.217468636,48.80127978,3,2512041304,,2512041305,,,,,,,,,,,1.0,1.0
-4511803896361159245-2512041318-13,56114,2512041349,,3,,S,,Stuttgart Flughafen/Messe|Echterdingen|Leinfelden|Oberaichen|Stuttgart-Rohr|Stuttgart-Vaihingen|Stuttgart-Österfeld|Stuttgart Universität|Stuttgart Schwabstr.|Stuttgart Feuersee|Stuttgart Stadtmitte|Stuttgart Hbf (tief),8005769,Stuttgart-Bad Cannstatt,Baden-Württemberg,Stuttgart,70372,9.217468636,48.80127978,3,2512041356,,,,,,,,,,,,,7.0,0.0
-700024245818587928-2512041303-2,19143,2512041307,2512041308,4,,MEX,16,Stuttgart Hbf,8005769,Stuttgart-Bad Cannstatt,Baden-Württemberg,Stuttgart,70372,9.217468636,48.80127978,3,2512041308,,2512041308,,,,,,,,,,,1.0,0.0
-288669336801421707-2512041303-14,56032,2512041339,,2,,S,,Filderstadt|Stuttgart Flughafen/Messe|Echterdingen|Leinfelden|Oberaichen|Stuttgart-Rohr|Stuttgart-Vaihingen|Stuttgart-Österfeld|Stuttgart Universität|Stuttgart Schwabstr.|Stuttgart Feuersee|Stuttgart Stadtmitte|Stuttgart Hbf (tief),8005769,Stuttgart-Bad Cannstatt,Baden-Württemberg,Stuttgart,70372,9.217468636,48.80127978,3,2512041341,,,,,,,,,,,,,2.0,0.0
107482304069760705-2512041321-1,56035,,2512041321,,,S,2,,8005769,Stuttgart-Bad Cannstatt,Baden-Württemberg,Stuttgart,70372,9.217468636,48.80127978,3,,,2512041321,,,,,,,,,,,0.0,0.0
-2228586882643936433-2512041322-6,7534,2512041333,2512041334,2,,S,5,Stuttgart Schwabstr.|Stuttgart Feuersee|Stuttgart Stadtmitte|Stuttgart Hbf (tief)|Stuttgart Nord,8005770,Stuttgart-Feuerbach,Baden-Württemberg,Feuerbach,70469,9.169186287,48.81363554,3,2512041335,,2512041336,,,,,,,,,,,2.0,2.0
-8244462081615470367-2512041234-16,7031,2512041321,,1a,,S,,Böblingen|Sindelfingen|Maichingen|Maichingen Nord|Magstadt|Renningen Süd|Renningen|Rutesheim|Leonberg|Höfingen|Ditzingen|Weilimdorf|Korntal|Neuwirtshaus(Porscheplatz)|Stuttgart-Zuffenhausen,8005770,Stuttgart-Feuerbach,Baden-Württemberg,Feuerbach,70469,9.169186287,48.81363554,3,2512041325,,,,,,,,,,,,,4.0,0.0
-8940297413789405434-2512041317-6,28402,2512041328,2512041329,2,,S,4,Stuttgart Schwabstr.|Stuttgart Feuersee|Stuttgart Stadtmitte|Stuttgart Hbf (tief)|Stuttgart Nord,8005770,Stuttgart-Feuerbach,Baden-Württemberg,Feuerbach,70469,9.169186287,48.81363554,3,2512041331,,2512041331,,h,1,Bauarbeiten,,,,,,,3.0,2.0
6555495071308560297-2512041310-8,28399,2512041331,2512041331,1,,S,4,Marbach(Neckar)|Benningen(Neckar)|Freiberg(Neckar)|Favoritepark|Ludwigsburg|Kornwestheim Pbf|Stuttgart-Zuffenhausen,8005770,Stuttgart-Feuerbach,Baden-Württemberg,Feuerbach,70469,9.169186287,48.81363554,3,2512041335,,2512041336,,h,1,Bauarbeiten,,,,,,,4.0,5.0
7531750134200071940-2512041347-6,28404,2512041358,2512041359,2,,S,4,Stuttgart Schwabstr.|Stuttgart Feuersee|Stuttgart Stadtmitte|Stuttgart Hbf (tief)|Stuttgart Nord,8005770,Stuttgart-Feuerbach,Baden-Württemberg,Feuerbach,70469,9.169186287,48.81363554,3,2512041402,,2512041402,,h,1,Bauarbeiten,,,,,,,4.0,3.0
-6266903130374520756-2512041312-6,7632,2512041323,2512041324,2,,S,6,Stuttgart Schwabstr.|Stuttgart Feuersee|Stuttgart Stadtmitte|Stuttgart Hbf (tief)|Stuttgart Nord,8005770,Stuttgart-Feuerbach,Baden-Württemberg,Feuerbach,70469,9.169186287,48.81363554,3,2512041328,,2512041328,,h,1,Bauarbeiten,,,,,,,5.0,4.0
-4525949924591958884-2512041332-6,7432,2512041343,2512041344,2,,S,4,Stuttgart Schwabstr.|Stuttgart Feuersee|Stuttgart Stadtmitte|Stuttgart Hbf (tief)|Stuttgart Nord,8005770,Stuttgart-Feuerbach,Baden-Württemberg,Feuerbach,70469,9.169186287,48.81363554,3,2512041345,,2512041346,,h,1,Bauarbeiten,,,,,,,2.0,2.0
1188384783134199026-2512041342-6,7634,2512041353,2512041354,2,,S,6,Stuttgart Schwabstr.|Stuttgart Feuersee|Stuttgart Stadtmitte|Stuttgart Hbf (tief)|Stuttgart Nord,8005770,Stuttgart-Feuerbach,Baden-Württemberg,Feuerbach,70469,9.169186287,48.81363554,3,2512041354,,2512041354,,h,1,Bauarbeiten,,,,,,,1.0,0.0
-8922964933325247623-2512041233-12,7633,2512041306,2512041306,1,,S,6,Weil der Stadt|Malmsheim|Renningen|Rutesheim|Leonberg|Höfingen|Ditzingen|Weilimdorf|Korntal|Neuwirtshaus(Porscheplatz)|Stuttgart-Zuffenhausen,8005770,Stuttgart-Feuerbach,Baden-Württemberg,Feuerbach,70469,9.169186287,48.81363554,3,2512041307,,2512041307,,h,1,Bauarbeiten,,,,,,,1.0,1.0
-5817753767787077907-2512041255-8,7433,2512041316,2512041316,1,,S,4,Marbach(Neckar)|Benningen(Neckar)|Freiberg(Neckar)|Favoritepark|Ludwigsburg|Kornwestheim Pbf|Stuttgart-Zuffenhausen,8005770,Stuttgart-Feuerbach,Baden-Württemberg,Feuerbach,70469,9.169186287,48.81363554,3,2512041320,,2512041320,,h,1,Bauarbeiten,,,,,,,4.0,4.0
-4288525857753429602-2512041252-7,28469,2512041311,2512041311,1,,S,5,Bietigheim-Bissingen|Tamm(Württ)|Asperg|Ludwigsburg|Kornwestheim Pbf|Stuttgart-Zuffenhausen,8005770,Stuttgart-Feuerbach,Baden-Württemberg,Feuerbach,70469,9.169186287,48.81363554,3,2512041316,,2512041316,,,,,,,,,,,5.0,5.0
-6700422537624249946-2512041322-7,28471,2512041341,2512041341,1,,S,5,Bietigheim-Bissingen|Tamm(Württ)|Asperg|Ludwigsburg|Kornwestheim Pbf|Stuttgart-Zuffenhausen,8005770,Stuttgart-Feuerbach,Baden-Württemberg,Feuerbach,70469,9.169186287,48.81363554,3,2512041341,,2512041341,,,,,,,,,,,0.0,0.0
-4671468548274859337-2512041248-12,7931,2512041321,,1a,,S,,Weil der Stadt|Malmsheim|Renningen|Rutesheim|Leonberg|Höfingen|Ditzingen|Weilimdorf|Korntal|Neuwirtshaus(Porscheplatz)|Stuttgart-Zuffenhausen,8005770,Stuttgart-Feuerbach,Baden-Württemberg,Feuerbach,70469,9.169186287,48.81363554,3,2512041325,,,,,,,,,,,,,4.0,0.0
-6736509556138660402-2512041304-16,7033,2512041351,,1a,,S,,Böblingen|Sindelfingen|Maichingen|Maichingen Nord|Magstadt|Renningen Süd|Renningen|Rutesheim|Leonberg|Höfingen|Ditzingen|Weilimdorf|Korntal|Neuwirtshaus(Porscheplatz)|Stuttgart-Zuffenhausen,8005770,Stuttgart-Feuerbach,Baden-Württemberg,Feuerbach,70469,9.169186287,48.81363554,3,2512041359,,,,,,,,,,,,,8.0,0.0
-7683922748438555510-2512041303-12,7635,2512041336,2512041336,1,,S,6,Weil der Stadt|Malmsheim|Renningen|Rutesheim|Leonberg|Höfingen|Ditzingen|Weilimdorf|Korntal|Neuwirtshaus(Porscheplatz)|Stuttgart-Zuffenhausen,8005770,Stuttgart-Feuerbach,Baden-Württemberg,Feuerbach,70469,9.169186287,48.81363554,3,2512041344,,2512041345,,h,1,Bauarbeiten,,,,,,,8.0,9.0
-5532415123701834684-2512041339-1,7938,,2512041339,,,S,6,,8005770,Stuttgart-Feuerbach,Baden-Württemberg,Feuerbach,70469,9.169186287,48.81363554,3,,,2512041339,,,,,,,,,,,0.0,0.0
-2205886530121673447-2512041337-7,7537,2512041356,2512041356,1,,S,5,Bietigheim-Bissingen|Tamm(Württ)|Asperg|Ludwigsburg|Kornwestheim Pbf|Stuttgart-Zuffenhausen,8005770,Stuttgart-Feuerbach,Baden-Württemberg,Feuerbach,70469,9.169186287,48.81363554,3,2512041357,,2512041358,,,,,,,,,,,1.0,2.0
-3357476612343189405-2512041309-1,7036,,2512041309,,,S,60,,8005770,Stuttgart-Feuerbach,Baden-Württemberg,Feuerbach,70469,9.169186287,48.81363554,3,,,2512041309,,,,,,,,,,,0.0,0.0
-5311335166810349053-2512041307-7,7535,2512041326,2512041326,1,,S,5,Bietigheim-Bissingen|Tamm(Württ)|Asperg|Ludwigsburg|Kornwestheim Pbf|Stuttgart-Zuffenhausen,8005770,Stuttgart-Feuerbach,Baden-Württemberg,Feuerbach,70469,9.169186287,48.81363554,3,2512041327,,2512041327,,,,,,,,,,,1.0,1.0
-3085481889421354950-2512041337-6,28470,2512041348,2512041349,2,,S,5,Stuttgart Schwabstr.|Stuttgart Feuersee|Stuttgart Stadtmitte|Stuttgart Hbf (tief)|Stuttgart Nord,8005770,Stuttgart-Feuerbach,Baden-Württemberg,Feuerbach,70469,9.169186287,48.81363554,3,2512041351,,2512041351,,,,,,,,,,,3.0,2.0
4907785515978563886-2512041302-6,7430,2512041313,2512041314,2,,S,4,Stuttgart Schwabstr.|Stuttgart Feuersee|Stuttgart Stadtmitte|Stuttgart Hbf (tief)|Stuttgart Nord,8005770,Stuttgart-Feuerbach,Baden-Württemberg,Feuerbach,70469,9.169186287,48.81363554,3,2512041315,,2512041315,,h,1,Bauarbeiten,,,,,,,2.0,1.0
2715788132942076371-2512041307-6,28468,2512041318,2512041319,2,,S,5,Stuttgart Schwabstr.|Stuttgart Feuersee|Stuttgart Stadtmitte|Stuttgart Hbf (tief)|Stuttgart Nord,8005770,Stuttgart-Feuerbach,Baden-Württemberg,Feuerbach,70469,9.169186287,48.81363554,3,2512041319,,2512041319,,,,,,,,,,,1.0,0.0
-1050718254766280262-2512041240-8,28397,2512041301,2512041301,1,,S,4,Marbach(Neckar)|Benningen(Neckar)|Freiberg(Neckar)|Favoritepark|Ludwigsburg|Kornwestheim Pbf|Stuttgart-Zuffenhausen,8005770,Stuttgart-Feuerbach,Baden-Württemberg,Feuerbach,70469,9.169186287,48.81363554,3,2512041304,,2512041304,,h,1,Bauarbeiten,,,,,,,3.0,3.0
4811093792071374983-2512041318-12,7933,2512041351,,1a,,S,,Weil der Stadt|Malmsheim|Renningen|Rutesheim|Leonberg|Höfingen|Ditzingen|Weilimdorf|Korntal|Neuwirtshaus(Porscheplatz)|Stuttgart-Zuffenhausen,8005770,Stuttgart-Feuerbach,Baden-Württemberg,Feuerbach,70469,9.169186287,48.81363554,3,2512041359,,,,,,,,,,,,,8.0,0.0
-117664068110103176-2512041339-1,7038,,2512041339,,,S,60,,8005770,Stuttgart-Feuerbach,Baden-Württemberg,Feuerbach,70469,9.169186287,48.81363554,3,,,2512041339,,,,,,,,,,,0.0,0.0
6635133046999028508-2512041309-1,7936,,2512041309,,,S,6,,8005770,Stuttgart-Feuerbach,Baden-Württemberg,Feuerbach,70469,9.169186287,48.81363554,3,,,2512041309,,,,,,,,,,,0.0,0.0
-1459044685595923916-2512041252-6,7532,2512041303,2512041304,2,,S,5,Stuttgart Schwabstr.|Stuttgart Feuersee|Stuttgart Stadtmitte|Stuttgart Hbf (tief)|Stuttgart Nord,8005770,Stuttgart-Feuerbach,Baden-Württemberg,Feuerbach,70469,9.169186287,48.81363554,3,2512041308,,2512041309,,,,,,,,,,,5.0,5.0
-8143374333923627216-2512041325-8,7435,2512041346,2512041346,1,,S,4,Marbach(Neckar)|Benningen(Neckar)|Freiberg(Neckar)|Favoritepark|Ludwigsburg|Kornwestheim Pbf|Stuttgart-Zuffenhausen,8005770,Stuttgart-Feuerbach,Baden-Württemberg,Feuerbach,70469,9.169186287,48.81363554,3,2512041348,,2512041348,,h,1,Bauarbeiten,,,,,,,2.0,2.0
-2228586882643936433-2512041322-2,7534,2512041324,2512041324,2,,S,5,Stuttgart Schwabstr.,8006699,Stuttgart Feuersee,Baden-Württemberg,Stuttgart,70176,9.165850846,48.7726173,3,2512041325,,2512041326,,,,,,,,,,,1.0,2.0
-8940297413789405434-2512041317-2,28402,2512041319,2512041319,2,,S,4,Stuttgart Schwabstr.,8006699,Stuttgart Feuersee,Baden-Württemberg,Stuttgart,70176,9.165850846,48.7726173,3,2512041319,,2512041320,,h,1,Bauarbeiten,,,,,,,0.0,1.0
-6319936848544854600-2512041220-17,7133,2512041308,2512041309,1,,S,1,Kirchheim(Teck)|Kirchheim(Teck)-Ötlingen|Wendlingen(Neckar)|Wernau(Neckar)|Plochingen|Altbach|Esslingen-Zell|Oberesslingen|Esslingen(Neckar)|Esslingen-Mettingen|Stuttgart-Obertürkheim|Stuttgart-Untertürkheim|Stuttgart Neckarpark|Stuttgart-Bad Cannstatt|Stuttgart Hbf (tief)|Stuttgart Stadtmitte,8006699,Stuttgart Feuersee,Baden-Württemberg,Stuttgart,70176,9.165850846,48.7726173,3,2512041310,,2512041310,,h,1,Bauarbeiten,,,,,,,2.0,1.0
-7145620013091648078-2512041311-4,56113,2512041318,2512041319,1,,S,3,Stuttgart-Bad Cannstatt|Stuttgart Hbf (tief)|Stuttgart Stadtmitte,8006699,Stuttgart Feuersee,Baden-Württemberg,Stuttgart,70176,9.165850846,48.7726173,3,2512041320,,2512041321,,,,,,,,,,,2.0,2.0
6555495071308560297-2512041310-12,28399,2512041341,2512041341,1,,S,4,Marbach(Neckar)|Benningen(Neckar)|Freiberg(Neckar)|Favoritepark|Ludwigsburg|Kornwestheim Pbf|Stuttgart-Zuffenhausen|Stuttgart-Feuerbach|Stuttgart Nord|Stuttgart Hbf (tief)|Stuttgart Stadtmitte,8006699,Stuttgart Feuersee,Baden-Württemberg,Stuttgart,70176,9.165850846,48.7726173,3,2512041347,,2512041347,,h,1,Bauarbeiten,,,,,,,6.0,6.0
7531750134200071940-2512041347-2,28404,2512041349,2512041349,2,,S,4,Stuttgart Schwabstr.,8006699,Stuttgart Feuersee,Baden-Württemberg,Stuttgart,70176,9.165850846,48.7726173,3,2512041349,,2512041349,,h,1,Bauarbeiten,,,,,,,0.0,0.0
-6266903130374520756-2512041312-2,7632,2512041314,2512041314,2,,S,6,Stuttgart Schwabstr.,8006699,Stuttgart Feuersee,Baden-Württemberg,Stuttgart,70176,9.165850846,48.7726173,3,2512041317,,2512041318,,h,1,Bauarbeiten,,,,,,,3.0,4.0
-4525949924591958884-2512041332-2,7432,2512041334,2512041334,2,,S,4,Stuttgart Schwabstr.,8006699,Stuttgart Feuersee,Baden-Württemberg,Stuttgart,70176,9.165850846,48.7726173,3,2512041335,,2512041336,,h,1,Bauarbeiten,,,,,,,1.0,2.0
1188384783134199026-2512041342-2,7634,2512041344,2512041344,2,,S,6,Stuttgart Schwabstr.,8006699,Stuttgart Feuersee,Baden-Württemberg,Stuttgart,70176,9.165850846,48.7726173,3,2512041344,,2512041344,,h,1,Bauarbeiten,,,,,,,0.0,0.0
4686229571978930817-2512041351-4,56037,2512041358,2512041359,1,,S,2,Stuttgart-Bad Cannstatt|Stuttgart Hbf (tief)|Stuttgart Stadtmitte,8006699,Stuttgart Feuersee,Baden-Württemberg,Stuttgart,70176,9.165850846,48.7726173,3,2512041359,,2512041400,,,,,,,,,,,1.0,1.0
-144422822861230009-2512041237-11,7533,2512041306,2512041306,1,,S,5,Bietigheim-Bissingen|Tamm(Württ)|Asperg|Ludwigsburg|Kornwestheim Pbf|Stuttgart-Zuffenhausen|Stuttgart-Feuerbach|Stuttgart Nord|Stuttgart Hbf (tief)|Stuttgart Stadtmitte,8006699,Stuttgart Feuersee,Baden-Württemberg,Stuttgart,70176,9.165850846,48.7726173,3,2512041306,,2512041307,,,,,,,,,,,0.0,1.0
3678250551835302766-2512041341-4,56115,2512041348,2512041349,1,,S,3,Stuttgart-Bad Cannstatt|Stuttgart Hbf (tief)|Stuttgart Stadtmitte,8006699,Stuttgart Feuersee,Baden-Württemberg,Stuttgart,70176,9.165850846,48.7726173,3,2512041350,,2512041351,,,,,,,,,,,2.0,2.0
-8922964933325247623-2512041233-16,7633,2512041316,2512041316,1,,S,6,Weil der Stadt|Malmsheim|Renningen|Rutesheim|Leonberg|Höfingen|Ditzingen|Weilimdorf|Korntal|Neuwirtshaus(Porscheplatz)|Stuttgart-Zuffenhausen|Stuttgart-Feuerbach|Stuttgart Nord|Stuttgart Hbf (tief)|Stuttgart Stadtmitte,8006699,Stuttgart Feuersee,Baden-Württemberg,Stuttgart,70176,9.165850846,48.7726173,3,2512041317,,2512041318,,h,1,Bauarbeiten,,,,,,,1.0,2.0
-5817753767787077907-2512041255-12,7433,2512041326,2512041326,1,,S,4,Marbach(Neckar)|Benningen(Neckar)|Freiberg(Neckar)|Favoritepark|Ludwigsburg|Kornwestheim Pbf|Stuttgart-Zuffenhausen|Stuttgart-Feuerbach|Stuttgart Nord|Stuttgart Hbf (tief)|Stuttgart Stadtmitte,8006699,Stuttgart Feuersee,Baden-Württemberg,Stuttgart,70176,9.165850846,48.7726173,3,2512041331,,2512041331,,h,1,Bauarbeiten,,,,,,,5.0,5.0
6860077973327279202-2512041316-13,7136,2512041351,2512041352,2,,S,1,Herrenberg|Nufringen|Gärtringen|Ehningen(b Böblingen)|Hulb|Böblingen|Goldberg(Württ)|Stuttgart-Rohr|Stuttgart-Vaihingen|Stuttgart-Österfeld|Stuttgart Universität|Stuttgart Schwabstr.,8006699,Stuttgart Feuersee,Baden-Württemberg,Stuttgart,70176,9.165850846,48.7726173,3,2512041357,,2512041358,,h,1,Bauarbeiten,,,,,,,6.0,6.0
-4288525857753429602-2512041252-11,28469,2512041321,2512041321,1,,S,5,Bietigheim-Bissingen|Tamm(Württ)|Asperg|Ludwigsburg|Kornwestheim Pbf|Stuttgart-Zuffenhausen|Stuttgart-Feuerbach|Stuttgart Nord|Stuttgart Hbf (tief)|Stuttgart Stadtmitte,8006699,Stuttgart Feuersee,Baden-Württemberg,Stuttgart,70176,9.165850846,48.7726173,3,2512041326,,2512041326,,,,,,,,,,,5.0,5.0
-6700422537624249946-2512041322-11,28471,2512041351,2512041351,1,,S,5,Bietigheim-Bissingen|Tamm(Württ)|Asperg|Ludwigsburg|Kornwestheim Pbf|Stuttgart-Zuffenhausen|Stuttgart-Feuerbach|Stuttgart Nord|Stuttgart Hbf (tief)|Stuttgart Stadtmitte,8006699,Stuttgart Feuersee,Baden-Württemberg,Stuttgart,70176,9.165850846,48.7726173,3,2512041352,,2512041353,,,,,,,,,,,1.0,2.0
1692997485605395662-2512041250-17,7135,2512041338,2512041339,1,,S,1,Kirchheim(Teck)|Kirchheim(Teck)-Ötlingen|Wendlingen(Neckar)|Wernau(Neckar)|Plochingen|Altbach|Esslingen-Zell|Oberesslingen|Esslingen(Neckar)|Esslingen-Mettingen|Stuttgart-Obertürkheim|Stuttgart-Untertürkheim|Stuttgart Neckarpark|Stuttgart-Bad Cannstatt|Stuttgart Hbf (tief)|Stuttgart Stadtmitte,8006699,Stuttgart Feuersee,Baden-Württemberg,Stuttgart,70176,9.165850846,48.7726173,3,2512041339,,2512041339,,h,1,Bauarbeiten,,,,,,,1.0,0.0
-5490041423935091879-2512041246-13,7134,2512041321,2512041322,2,,S,1,Herrenberg|Nufringen|Gärtringen|Ehningen(b Böblingen)|Hulb|Böblingen|Goldberg(Württ)|Stuttgart-Rohr|Stuttgart-Vaihingen|Stuttgart-Österfeld|Stuttgart Universität|Stuttgart Schwabstr.,8006699,Stuttgart Feuersee,Baden-Württemberg,Stuttgart,70176,9.165850846,48.7726173,3,2512041322,,2512041323,,h,1,Bauarbeiten,,,,,,,1.0,1.0
-3794323979676538163-2512041248-10,56112,2512041311,2512041312,2,,S,3,Stuttgart Flughafen/Messe|Echterdingen|Leinfelden|Oberaichen|Stuttgart-Rohr|Stuttgart-Vaihingen|Stuttgart-Österfeld|Stuttgart Universität|Stuttgart Schwabstr.,8006699,Stuttgart Feuersee,Baden-Württemberg,Stuttgart,70176,9.165850846,48.7726173,3,2512041314,,2512041316,,,,,,,,,,,3.0,4.0
565274331569361430-2512041233-11,56030,2512041301,2512041302,2,,S,2,Filderstadt|Stuttgart Flughafen/Messe|Echterdingen|Leinfelden|Oberaichen|Stuttgart-Rohr|Stuttgart-Vaihingen|Stuttgart-Österfeld|Stuttgart Universität|Stuttgart Schwabstr.,8006699,Stuttgart Feuersee,Baden-Württemberg,Stuttgart,70176,9.165850846,48.7726173,3,2512041302,,2512041302,,,,,,,,,,,1.0,0.0
-8228587515374315120-2512041352-2,7536,2512041354,2512041354,2,,S,5,Stuttgart Schwabstr.,8006699,Stuttgart Feuersee,Baden-Württemberg,Stuttgart,70176,9.165850846,48.7726173,3,2512041354,,2512041355,,,,,,,,,,,0.0,1.0
-7683922748438555510-2512041303-16,7635,2512041346,2512041346,1,,S,6,Weil der Stadt|Malmsheim|Renningen|Rutesheim|Leonberg|Höfingen|Ditzingen|Weilimdorf|Korntal|Neuwirtshaus(Porscheplatz)|Stuttgart-Zuffenhausen|Stuttgart-Feuerbach|Stuttgart Nord|Stuttgart Hbf (tief)|Stuttgart Stadtmitte,8006699,Stuttgart Feuersee,Baden-Württemberg,Stuttgart,70176,9.165850846,48.7726173,3,2512041354,,2512041355,,h,1,Bauarbeiten,,,,,,,8.0,9.0
-4511803896361159245-2512041318-10,56114,2512041341,2512041342,2,,S,3,Stuttgart Flughafen/Messe|Echterdingen|Leinfelden|Oberaichen|Stuttgart-Rohr|Stuttgart-Vaihingen|Stuttgart-Österfeld|Stuttgart Universität|Stuttgart Schwabstr.,8006699,Stuttgart Feuersee,Baden-Württemberg,Stuttgart,70176,9.165850846,48.7726173,3,2512041346,,2512041346,,,,,,,,,,,5.0,4.0
-5311335166810349053-2512041307-11,7535,2512041336,2512041336,1,,S,5,Bietigheim-Bissingen|Tamm(Württ)|Asperg|Ludwigsburg|Kornwestheim Pbf|Stuttgart-Zuffenhausen|Stuttgart-Feuerbach|Stuttgart Nord|Stuttgart Hbf (tief)|Stuttgart Stadtmitte,8006699,Stuttgart Feuersee,Baden-Württemberg,Stuttgart,70176,9.165850846,48.7726173,3,2512041337,,2512041337,,,,,,,,,,,1.0,1.0
-3085481889421354950-2512041337-2,28470,2512041339,2512041339,2,,S,5,Stuttgart Schwabstr.,8006699,Stuttgart Feuersee,Baden-Württemberg,Stuttgart,70176,9.165850846,48.7726173,3,2512041340,,2512041341,,,,,,,,,,,1.0,2.0
4907785515978563886-2512041302-2,7430,2512041304,2512041304,2,,S,4,Stuttgart Schwabstr.,8006699,Stuttgart Feuersee,Baden-Württemberg,Stuttgart,70176,9.165850846,48.7726173,3,2512041304,,2512041305,,h,1,Bauarbeiten,,,,,,,0.0,1.0
-288669336801421707-2512041303-11,56032,2512041331,2512041332,2,,S,2,Filderstadt|Stuttgart Flughafen/Messe|Echterdingen|Leinfelden|Oberaichen|Stuttgart-Rohr|Stuttgart-Vaihingen|Stuttgart-Österfeld|Stuttgart Universität|Stuttgart Schwabstr.,8006699,Stuttgart Feuersee,Baden-Württemberg,Stuttgart,70176,9.165850846,48.7726173,3,2512041332,,2512041332,,,,,,,,,,,1.0,0.0
2715788132942076371-2512041307-2,28468,2512041309,2512041309,2,,S,5,Stuttgart Schwabstr.,8006699,Stuttgart Feuersee,Baden-Württemberg,Stuttgart,70176,9.165850846,48.7726173,3,2512041309,,2512041309,,,,,,,,,,,0.0,0.0
107482304069760705-2512041321-4,56035,2512041328,2512041329,1,,S,2,Stuttgart-Bad Cannstatt|Stuttgart Hbf (tief)|Stuttgart Stadtmitte,8006699,Stuttgart Feuersee,Baden-Württemberg,Stuttgart,70176,9.165850846,48.7726173,3,2512041329,,2512041330,,,,,,,,,,,1.0,1.0
-1050718254766280262-2512041240-12,28397,2512041311,2512041311,1,,S,4,Marbach(Neckar)|Benningen(Neckar)|Freiberg(Neckar)|Favoritepark|Ludwigsburg|Kornwestheim Pbf|Stuttgart-Zuffenhausen|Stuttgart-Feuerbach|Stuttgart Nord|Stuttgart Hbf (tief)|Stuttgart Stadtmitte,8006699,Stuttgart Feuersee,Baden-Württemberg,Stuttgart,70176,9.165850846,48.7726173,3,2512041313,,2512041314,,h,1,Bauarbeiten,,,,,,,2.0,3.0
-8143374333923627216-2512041325-12,7435,2512041356,2512041356,1,,S,4,Marbach(Neckar)|Benningen(Neckar)|Freiberg(Neckar)|Favoritepark|Ludwigsburg|Kornwestheim Pbf|Stuttgart-Zuffenhausen|Stuttgart-Feuerbach|Stuttgart Nord|Stuttgart Hbf (tief)|Stuttgart Stadtmitte,8006699,Stuttgart Feuersee,Baden-Württemberg,Stuttgart,70176,9.165850846,48.7726173,3,2512041357,,2512041357,,h,1,Bauarbeiten,,,,,,,1.0,1.0
5941834571298649161-2512041320-11,7137,2512041352,2512041352,5,,S,1,Kirchheim(Teck)|Kirchheim(Teck)-Ötlingen|Wendlingen(Neckar)|Wernau(Neckar)|Plochingen|Altbach|Esslingen-Zell|Oberesslingen|Esslingen(Neckar)|Esslingen-Mettingen,8005772,Stuttgart-Obertürkheim,Baden-Württemberg,Stuttgart,70329,9.268167932,48.76175015,4,2512041352,,2512041353,,h,1,Bauarbeiten,,,,,,,0.0,1.0
1692997485605395662-2512041250-11,7135,2512041322,2512041322,5,,S,1,Kirchheim(Teck)|Kirchheim(Teck)-Ötlingen|Wendlingen(Neckar)|Wernau(Neckar)|Plochingen|Altbach|Esslingen-Zell|Oberesslingen|Esslingen(Neckar)|Esslingen-Mettingen,8005772,Stuttgart-Obertürkheim,Baden-Württemberg,Stuttgart,70329,9.268167932,48.76175015,4,2512041322,,2512041323,,h,1,Bauarbeiten,,,,,,,0.0,1.0
-5490041423935091879-2512041246-19,7134,2512041337,2512041337,6,,S,1,Herrenberg|Nufringen|Gärtringen|Ehningen(b Böblingen)|Hulb|Böblingen|Goldberg(Württ)|Stuttgart-Rohr|Stuttgart-Vaihingen|Stuttgart-Österfeld|Stuttgart Universität|Stuttgart Schwabstr.|Stuttgart Feuersee|Stuttgart Stadtmitte|Stuttgart Hbf (tief)|Stuttgart-Bad Cannstatt|Stuttgart Neckarpark|Stuttgart-Untertürkheim,8005772,Stuttgart-Obertürkheim,Baden-Württemberg,Stuttgart,70329,9.268167932,48.76175015,4,2512041339,,2512041339,,h,1,Bauarbeiten,,,,,,,2.0,2.0
3410717060998267101-2512041216-19,7132,2512041307,2512041307,6,,S,1,Herrenberg|Nufringen|Gärtringen|Ehningen(b Böblingen)|Hulb|Böblingen|Goldberg(Württ)|Stuttgart-Rohr|Stuttgart-Vaihingen|Stuttgart-Österfeld|Stuttgart Universität|Stuttgart Schwabstr.|Stuttgart Feuersee|Stuttgart Stadtmitte|Stuttgart Hbf (tief)|Stuttgart-Bad Cannstatt|Stuttgart Neckarpark|Stuttgart-Untertürkheim,8005772,Stuttgart-Obertürkheim,Baden-Württemberg,Stuttgart,70329,9.268167932,48.76175015,4,2512041311,,2512041312,,h,1,Bauarbeiten,,,,,,,4.0,5.0
2445452608426707839-2512041304-4,7732,2512041322,2512041323,3,,S,1,Herrenberg|Böblingen|Goldberg(Württ),8005773,Stuttgart-Rohr,Baden-Württemberg,Stuttgart,70565,9.108158025,48.71799427,4,2512041327,,2512041328,,h,1,Bauarbeiten,,,,,,,5.0,5.0
-6319936848544854600-2512041220-22,7133,2512041321,2512041322,2,,S,1,Kirchheim(Teck)|Kirchheim(Teck)-Ötlingen|Wendlingen(Neckar)|Wernau(Neckar)|Plochingen|Altbach|Esslingen-Zell|Oberesslingen|Esslingen(Neckar)|Esslingen-Mettingen|Stuttgart-Obertürkheim|Stuttgart-Untertürkheim|Stuttgart Neckarpark|Stuttgart-Bad Cannstatt|Stuttgart Hbf (tief)|Stuttgart Stadtmitte|Stuttgart Feuersee|Stuttgart Schwabstr.|Stuttgart Universität|Stuttgart-Österfeld|Stuttgart-Vaihingen,8005773,Stuttgart-Rohr,Baden-Württemberg,Stuttgart,70565,9.108158025,48.71799427,4,2512041322,,2512041323,,h,1,Bauarbeiten,,,,,,,1.0,1.0
3993915534975484274-2512041333-6,56034,2512041347,2512041348,3,,S,2,Filderstadt|Stuttgart Flughafen/Messe|Echterdingen|Leinfelden|Oberaichen,8005773,Stuttgart-Rohr,Baden-Württemberg,Stuttgart,70565,9.108158025,48.71799427,4,2512041348,,2512041349,,,,,,,,,,,1.0,1.0
-7145620013091648078-2512041311-9,56113,2512041331,2512041332,2,,S,3,Stuttgart-Bad Cannstatt|Stuttgart Hbf (tief)|Stuttgart Stadtmitte|Stuttgart Feuersee|Stuttgart Schwabstr.|Stuttgart Universität|Stuttgart-Österfeld|Stuttgart-Vaihingen,8005773,Stuttgart-Rohr,Baden-Württemberg,Stuttgart,70565,9.108158025,48.71799427,4,2512041333,,2512041333,,,,,,,,,,,2.0,1.0
7061212763636631939-2512041251-9,56033,2512041311,2512041312,2,,S,2,Stuttgart-Bad Cannstatt|Stuttgart Hbf (tief)|Stuttgart Stadtmitte|Stuttgart Feuersee|Stuttgart Schwabstr.|Stuttgart Universität|Stuttgart-Österfeld|Stuttgart-Vaihingen,8005773,Stuttgart-Rohr,Baden-Württemberg,Stuttgart,70565,9.108158025,48.71799427,4,2512041313,,2512041314,,,,,,,,,,,2.0,2.0
-1936486939046904827-2512041331-8,7734,2512041352,2512041353,3,,S,1,Herrenberg|Nufringen|Gärtringen|Ehningen(b Böblingen)|Hulb|Böblingen|Goldberg(Württ),8005773,Stuttgart-Rohr,Baden-Württemberg,Stuttgart,70565,9.108158025,48.71799427,4,2512041355,,2512041356,,h,1,Bauarbeiten,,,,,,,3.0,3.0
6860077973327279202-2512041316-8,7136,2512041337,2512041338,3,,S,1,Herrenberg|Nufringen|Gärtringen|Ehningen(b Böblingen)|Hulb|Böblingen|Goldberg(Württ),8005773,Stuttgart-Rohr,Baden-Württemberg,Stuttgart,70565,9.108158025,48.71799427,4,2512041344,,2512041345,,h,1,Bauarbeiten,,,,,,,7.0,7.0
1692997485605395662-2512041250-22,7135,2512041351,2512041352,2,,S,1,Kirchheim(Teck)|Kirchheim(Teck)-Ötlingen|Wendlingen(Neckar)|Wernau(Neckar)|Plochingen|Altbach|Esslingen-Zell|Oberesslingen|Esslingen(Neckar)|Esslingen-Mettingen|Stuttgart-Obertürkheim|Stuttgart-Untertürkheim|Stuttgart Neckarpark|Stuttgart-Bad Cannstatt|Stuttgart Hbf (tief)|Stuttgart Stadtmitte|Stuttgart Feuersee|Stuttgart Schwabstr.|Stuttgart Universität|Stuttgart-Österfeld|Stuttgart-Vaihingen,8005773,Stuttgart-Rohr,Baden-Württemberg,Stuttgart,70565,9.108158025,48.71799427,4,2512041351,,2512041352,,h,1,Bauarbeiten,,,,,,,0.0,0.0
-5490041423935091879-2512041246-8,7134,2512041307,2512041308,3,,S,1,Herrenberg|Nufringen|Gärtringen|Ehningen(b Böblingen)|Hulb|Böblingen|Goldberg(Württ),8005773,Stuttgart-Rohr,Baden-Württemberg,Stuttgart,70565,9.108158025,48.71799427,4,2512041309,,2512041309,,h,1,Bauarbeiten,,,,,,,2.0,1.0
-365780276574415312-2512041241-9,56111,2512041301,2512041302,2,,S,3,Stuttgart-Bad Cannstatt|Stuttgart Hbf (tief)|Stuttgart Stadtmitte|Stuttgart Feuersee|Stuttgart Schwabstr.|Stuttgart Universität|Stuttgart-Österfeld|Stuttgart-Vaihingen,8005773,Stuttgart-Rohr,Baden-Württemberg,Stuttgart,70565,9.108158025,48.71799427,4,2512041302,,2512041303,,,,,,,,,,,1.0,1.0
-2627990392458637808-2512041348-5,56116,2512041357,2512041358,3,,S,3,Stuttgart Flughafen/Messe|Echterdingen|Leinfelden|Oberaichen,8005773,Stuttgart-Rohr,Baden-Württemberg,Stuttgart,70565,9.108158025,48.71799427,4,2512041358,,2512041359,,,,,,,,,,,1.0,1.0
-4511803896361159245-2512041318-5,56114,2512041327,2512041328,3,,S,3,Stuttgart Flughafen/Messe|Echterdingen|Leinfelden|Oberaichen,8005773,Stuttgart-Rohr,Baden-Württemberg,Stuttgart,70565,9.108158025,48.71799427,4,2512041332,,2512041333,,,,,,,,,,,5.0,5.0
9220221134919700364-2512041305-2,7733,2512041306,2512041307,2,,S,1,Stuttgart-Vaihingen,8005773,Stuttgart-Rohr,Baden-Württemberg,Stuttgart,70565,9.108158025,48.71799427,4,2512041307,,2512041308,,h,1,Bauarbeiten,,,,,,,1.0,1.0
5925841418672271349-2512041335-2,7735,2512041336,2512041337,2,,S,1,Stuttgart-Vaihingen,8005773,Stuttgart-Rohr,Baden-Württemberg,Stuttgart,70565,9.108158025,48.71799427,4,2512041340,,2512041341,,h,1,Bauarbeiten,,,,,,,4.0,4.0
-288669336801421707-2512041303-6,56032,2512041317,2512041318,3,,S,2,Filderstadt|Stuttgart Flughafen/Messe|Echterdingen|Leinfelden|Oberaichen,8005773,Stuttgart-Rohr,Baden-Württemberg,Stuttgart,70565,9.108158025,48.71799427,4,2512041318,,2512041318,,,,,,,,,,,1.0,0.0
107482304069760705-2512041321-9,56035,2512041341,2512041342,2,,S,2,Stuttgart-Bad Cannstatt|Stuttgart Hbf (tief)|Stuttgart Stadtmitte|Stuttgart Feuersee|Stuttgart Schwabstr.|Stuttgart Universität|Stuttgart-Österfeld|Stuttgart-Vaihingen,8005773,Stuttgart-Rohr,Baden-Württemberg,Stuttgart,70565,9.108158025,48.71799427,4,2512041344,,2512041345,,,,,,,,,,,3.0,3.0
-2228586882643936433-2512041322-1,7534,,2512041322,,,S,5,,8006698,Stuttgart Schwabstraße,Baden-Württemberg,Stuttgart,70197,9.156496717,48.77013954,3,,,2512041324,,,,,,,,,,,0.0,2.0
-8940297413789405434-2512041317-1,28402,,2512041317,,,S,4,,8006698,Stuttgart Schwabstraße,Baden-Württemberg,Stuttgart,70197,9.156496717,48.77013954,3,,,2512041318,,h,1,Bauarbeiten,,,,,,,0.0,1.0
-6319936848544854600-2512041220-18,7133,2512041310,2512041310,1,,S,1,Kirchheim(Teck)|Kirchheim(Teck)-Ötlingen|Wendlingen(Neckar)|Wernau(Neckar)|Plochingen|Altbach|Esslingen-Zell|Oberesslingen|Esslingen(Neckar)|Esslingen-Mettingen|Stuttgart-Obertürkheim|Stuttgart-Untertürkheim|Stuttgart Neckarpark|Stuttgart-Bad Cannstatt|Stuttgart Hbf (tief)|Stuttgart Stadtmitte|Stuttgart Feuersee,8006698,Stuttgart Schwabstraße,Baden-Württemberg,Stuttgart,70197,9.156496717,48.77013954,3,2512041311,,2512041312,,h,1,Bauarbeiten,,,,,,,1.0,2.0
-7145620013091648078-2512041311-5,56113,2512041320,2512041320,1,,S,3,Stuttgart-Bad Cannstatt|Stuttgart Hbf (tief)|Stuttgart Stadtmitte|Stuttgart Feuersee,8006698,Stuttgart Schwabstraße,Baden-Württemberg,Stuttgart,70197,9.156496717,48.77013954,3,2512041322,,2512041323,,,,,,,,,,,2.0,3.0
6555495071308560297-2512041310-13,28399,2512041343,,1,,S,,Marbach(Neckar)|Benningen(Neckar)|Freiberg(Neckar)|Favoritepark|Ludwigsburg|Kornwestheim Pbf|Stuttgart-Zuffenhausen|Stuttgart-Feuerbach|Stuttgart Nord|Stuttgart Hbf (tief)|Stuttgart Stadtmitte|Stuttgart Feuersee,8006698,Stuttgart Schwabstraße,Baden-Württemberg,Stuttgart,70197,9.156496717,48.77013954,3,2512041349,,,,h,1,Bauarbeiten,,,,,,,6.0,0.0
7531750134200071940-2512041347-1,28404,,2512041347,,,S,4,,8006698,Stuttgart Schwabstraße,Baden-Württemberg,Stuttgart,70197,9.156496717,48.77013954,3,,,2512041347,,h,1,Bauarbeiten,,,,,,,0.0,0.0
7061212763636631939-2512041251-5,56033,2512041300,2512041300,1,,S,2,Stuttgart-Bad Cannstatt|Stuttgart Hbf (tief)|Stuttgart Stadtmitte|Stuttgart Feuersee,8006698,Stuttgart Schwabstraße,Baden-Württemberg,Stuttgart,70197,9.156496717,48.77013954,3,2512041302,,2512041303,,,,,,,,,,,2.0,3.0
-6266903130374520756-2512041312-1,7632,,2512041312,,,S,6,,8006698,Stuttgart Schwabstraße,Baden-Württemberg,Stuttgart,70197,9.156496717,48.77013954,3,,,2512041315,,h,1,Bauarbeiten,,,,,,,0.0,3.0
-4525949924591958884-2512041332-1,7432,,2512041332,,,S,4,,8006698,Stuttgart Schwabstraße,Baden-Württemberg,Stuttgart,70197,9.156496717,48.77013954,3,,,2512041334,,h,1,Bauarbeiten,,,,,,,0.0,2.0
1188384783134199026-2512041342-1,7634,,2512041342,,,S,6,,8006698,Stuttgart Schwabstraße,Baden-Württemberg,Stuttgart,70197,9.156496717,48.77013954,3,,,2512041342,,h,1,Bauarbeiten,,,,,,,0.0,0.0
-144422822861230009-2512041237-12,7533,2512041308,,1,,S,,Bietigheim-Bissingen|Tamm(Württ)|Asperg|Ludwigsburg|Kornwestheim Pbf|Stuttgart-Zuffenhausen|Stuttgart-Feuerbach|Stuttgart Nord|Stuttgart Hbf (tief)|Stuttgart Stadtmitte|Stuttgart Feuersee,8006698,Stuttgart Schwabstraße,Baden-Württemberg,Stuttgart,70197,9.156496717,48.77013954,3,2512041309,,,,,,,,,,,,,1.0,0.0
3678250551835302766-2512041341-5,56115,2512041350,2512041350,1,,S,3,Stuttgart-Bad Cannstatt|Stuttgart Hbf (tief)|Stuttgart Stadtmitte|Stuttgart Feuersee,8006698,Stuttgart Schwabstraße,Baden-Württemberg,Stuttgart,70197,9.156496717,48.77013954,3,2512041352,,2512041354,,,,,,,,,,,2.0,4.0
-8922964933325247623-2512041233-17,7633,2512041318,,1,,S,,Weil der Stadt|Malmsheim|Renningen|Rutesheim|Leonberg|Höfingen|Ditzingen|Weilimdorf|Korntal|Neuwirtshaus(Porscheplatz)|Stuttgart-Zuffenhausen|Stuttgart-Feuerbach|Stuttgart Nord|Stuttgart Hbf (tief)|Stuttgart Stadtmitte|Stuttgart Feuersee,8006698,Stuttgart Schwabstraße,Baden-Württemberg,Stuttgart,70197,9.156496717,48.77013954,3,2512041319,,,,h,1,Bauarbeiten,,,,,,,1.0,0.0
-5817753767787077907-2512041255-13,7433,2512041328,,1,,S,,Marbach(Neckar)|Benningen(Neckar)|Freiberg(Neckar)|Favoritepark|Ludwigsburg|Kornwestheim Pbf|Stuttgart-Zuffenhausen|Stuttgart-Feuerbach|Stuttgart Nord|Stuttgart Hbf (tief)|Stuttgart Stadtmitte|Stuttgart Feuersee,8006698,Stuttgart Schwabstraße,Baden-Württemberg,Stuttgart,70197,9.156496717,48.77013954,3,2512041333,,,,h,1,Bauarbeiten,,,,,,,5.0,0.0
6860077973327279202-2512041316-12,7136,2512041350,2512041350,2,,S,1,Herrenberg|Nufringen|Gärtringen|Ehningen(b Böblingen)|Hulb|Böblingen|Goldberg(Württ)|Stuttgart-Rohr|Stuttgart-Vaihingen|Stuttgart-Österfeld|Stuttgart Universität,8006698,Stuttgart Schwabstraße,Baden-Württemberg,Stuttgart,70197,9.156496717,48.77013954,3,2512041356,,2512041356,,h,1,Bauarbeiten,,,,,,,6.0,6.0
-4288525857753429602-2512041252-12,28469,2512041323,,1,,S,,Bietigheim-Bissingen|Tamm(Württ)|Asperg|Ludwigsburg|Kornwestheim Pbf|Stuttgart-Zuffenhausen|Stuttgart-Feuerbach|Stuttgart Nord|Stuttgart Hbf (tief)|Stuttgart Stadtmitte|Stuttgart Feuersee,8006698,Stuttgart Schwabstraße,Baden-Württemberg,Stuttgart,70197,9.156496717,48.77013954,3,2512041327,,,,,,,,,,,,,4.0,0.0
-6700422537624249946-2512041322-12,28471,2512041353,,1,,S,,Bietigheim-Bissingen|Tamm(Württ)|Asperg|Ludwigsburg|Kornwestheim Pbf|Stuttgart-Zuffenhausen|Stuttgart-Feuerbach|Stuttgart Nord|Stuttgart Hbf (tief)|Stuttgart Stadtmitte|Stuttgart Feuersee,8006698,Stuttgart Schwabstraße,Baden-Württemberg,Stuttgart,70197,9.156496717,48.77013954,3,2512041355,,,,,,,,,,,,,2.0,0.0
1692997485605395662-2512041250-18,7135,2512041340,2512041340,1,,S,1,Kirchheim(Teck)|Kirchheim(Teck)-Ötlingen|Wendlingen(Neckar)|Wernau(Neckar)|Plochingen|Altbach|Esslingen-Zell|Oberesslingen|Esslingen(Neckar)|Esslingen-Mettingen|Stuttgart-Obertürkheim|Stuttgart-Untertürkheim|Stuttgart Neckarpark|Stuttgart-Bad Cannstatt|Stuttgart Hbf (tief)|Stuttgart Stadtmitte|Stuttgart Feuersee,8006698,Stuttgart Schwabstraße,Baden-Württemberg,Stuttgart,70197,9.156496717,48.77013954,3,2512041341,,2512041341,,h,1,Bauarbeiten,,,,,,,1.0,1.0
-5490041423935091879-2512041246-12,7134,2512041320,2512041320,2,,S,1,Herrenberg|Nufringen|Gärtringen|Ehningen(b Böblingen)|Hulb|Böblingen|Goldberg(Württ)|Stuttgart-Rohr|Stuttgart-Vaihingen|Stuttgart-Österfeld|Stuttgart Universität,8006698,Stuttgart Schwabstraße,Baden-Württemberg,Stuttgart,70197,9.156496717,48.77013954,3,2512041320,,2512041321,,h,1,Bauarbeiten,,,,,,,0.0,1.0
-3794323979676538163-2512041248-9,56112,2512041310,2512041310,2,,S,3,Stuttgart Flughafen/Messe|Echterdingen|Leinfelden|Oberaichen|Stuttgart-Rohr|Stuttgart-Vaihingen|Stuttgart-Österfeld|Stuttgart Universität,8006698,Stuttgart Schwabstraße,Baden-Württemberg,Stuttgart,70197,9.156496717,48.77013954,3,2512041312,,2512041312,,,,,,,,,,,2.0,2.0
565274331569361430-2512041233-10,56030,2512041300,2512041300,2,,S,2,Filderstadt|Stuttgart Flughafen/Messe|Echterdingen|Leinfelden|Oberaichen|Stuttgart-Rohr|Stuttgart-Vaihingen|Stuttgart-Österfeld|Stuttgart Universität,8006698,Stuttgart Schwabstraße,Baden-Württemberg,Stuttgart,70197,9.156496717,48.77013954,3,2512041300,,2512041300,,,,,,,,,,,0.0,0.0
-8228587515374315120-2512041352-1,7536,,2512041352,,,S,5,,8006698,Stuttgart Schwabstraße,Baden-Württemberg,Stuttgart,70197,9.156496717,48.77013954,3,,,2512041353,,,,,,,,,,,0.0,1.0
-7683922748438555510-2512041303-17,7635,2512041348,,1,,S,,Weil der Stadt|Malmsheim|Renningen|Rutesheim|Leonberg|Höfingen|Ditzingen|Weilimdorf|Korntal|Neuwirtshaus(Porscheplatz)|Stuttgart-Zuffenhausen|Stuttgart-Feuerbach|Stuttgart Nord|Stuttgart Hbf (tief)|Stuttgart Stadtmitte|Stuttgart Feuersee,8006698,Stuttgart Schwabstraße,Baden-Württemberg,Stuttgart,70197,9.156496717,48.77013954,3,2512041357,,,,h,1,Bauarbeiten,,,,,,,9.0,0.0
-4511803896361159245-2512041318-9,56114,2512041340,2512041340,2,,S,3,Stuttgart Flughafen/Messe|Echterdingen|Leinfelden|Oberaichen|Stuttgart-Rohr|Stuttgart-Vaihingen|Stuttgart-Österfeld|Stuttgart Universität,8006698,Stuttgart Schwabstraße,Baden-Württemberg,Stuttgart,70197,9.156496717,48.77013954,3,2512041344,,2512041345,,,,,,,,,,,4.0,5.0
-5311335166810349053-2512041307-12,7535,2512041338,,1,,S,,Bietigheim-Bissingen|Tamm(Württ)|Asperg|Ludwigsburg|Kornwestheim Pbf|Stuttgart-Zuffenhausen|Stuttgart-Feuerbach|Stuttgart Nord|Stuttgart Hbf (tief)|Stuttgart Stadtmitte|Stuttgart Feuersee,8006698,Stuttgart Schwabstraße,Baden-Württemberg,Stuttgart,70197,9.156496717,48.77013954,3,2512041338,,,,,,,,,,,,,0.0,0.0
-3085481889421354950-2512041337-1,28470,,2512041337,,,S,5,,8006698,Stuttgart Schwabstraße,Baden-Württemberg,Stuttgart,70197,9.156496717,48.77013954,3,,,2512041339,,,,,,,,,,,0.0,2.0
4907785515978563886-2512041302-1,7430,,2512041302,,,S,4,,8006698,Stuttgart Schwabstraße,Baden-Württemberg,Stuttgart,70197,9.156496717,48.77013954,3,,,2512041303,,h,1,Bauarbeiten,,,,,,,0.0,1.0
-288669336801421707-2512041303-10,56032,2512041330,2512041330,2,,S,2,Filderstadt|Stuttgart Flughafen/Messe|Echterdingen|Leinfelden|Oberaichen|Stuttgart-Rohr|Stuttgart-Vaihingen|Stuttgart-Österfeld|Stuttgart Universität,8006698,Stuttgart Schwabstraße,Baden-Württemberg,Stuttgart,70197,9.156496717,48.77013954,3,2512041330,,2512041331,,,,,,,,,,,0.0,1.0
2715788132942076371-2512041307-1,28468,,2512041307,,,S,5,,8006698,Stuttgart Schwabstraße,Baden-Württemberg,Stuttgart,70197,9.156496717,48.77013954,3,,,2512041307,,,,,,,,,,,0.0,0.0
107482304069760705-2512041321-5,56035,2512041330,2512041330,1,,S,2,Stuttgart-Bad Cannstatt|Stuttgart Hbf (tief)|Stuttgart Stadtmitte|Stuttgart Feuersee,8006698,Stuttgart Schwabstraße,Baden-Württemberg,Stuttgart,70197,9.156496717,48.77013954,3,2512041331,,2512041332,,,,,,,,,,,1.0,2.0
-1050718254766280262-2512041240-13,28397,2512041313,,1,,S,,Marbach(Neckar)|Benningen(Neckar)|Freiberg(Neckar)|Favoritepark|Ludwigsburg|Kornwestheim Pbf|Stuttgart-Zuffenhausen|Stuttgart-Feuerbach|Stuttgart Nord|Stuttgart Hbf (tief)|Stuttgart Stadtmitte|Stuttgart Feuersee,8006698,Stuttgart Schwabstraße,Baden-Württemberg,Stuttgart,70197,9.156496717,48.77013954,3,2512041315,,,,h,1,Bauarbeiten,,,,,,,2.0,0.0
-8143374333923627216-2512041325-13,7435,2512041358,,1,,S,,Marbach(Neckar)|Benningen(Neckar)|Freiberg(Neckar)|Favoritepark|Ludwigsburg|Kornwestheim Pbf|Stuttgart-Zuffenhausen|Stuttgart-Feuerbach|Stuttgart Nord|Stuttgart Hbf (tief)|Stuttgart Stadtmitte|Stuttgart Feuersee,8006698,Stuttgart Schwabstraße,Baden-Württemberg,Stuttgart,70197,9.156496717,48.77013954,3,2512041359,,,,h,1,Bauarbeiten,,,,,,,1.0,0.0
-2228586882643936433-2512041322-3,7534,2512041325,2512041326,2,,S,5,Stuttgart Schwabstr.|Stuttgart Feuersee,8006700,Stuttgart Stadtmitte,Baden-Württemberg,Stuttgart,70173,9.173046906,48.77632953,3,2512041327,,2512041328,,,,,,,,,,,2.0,2.0
-8940297413789405434-2512041317-3,28402,2512041320,2512041321,2,,S,4,Stuttgart Schwabstr.|Stuttgart Feuersee,8006700,Stuttgart Stadtmitte,Baden-Württemberg,Stuttgart,70173,9.173046906,48.77632953,3,2512041322,,2512041323,,h,1,Bauarbeiten,,,,,,,2.0,2.0
-6319936848544854600-2512041220-16,7133,2512041307,2512041307,1,,S,1,Kirchheim(Teck)|Kirchheim(Teck)-Ötlingen|Wendlingen(Neckar)|Wernau(Neckar)|Plochingen|Altbach|Esslingen-Zell|Oberesslingen|Esslingen(Neckar)|Esslingen-Mettingen|Stuttgart-Obertürkheim|Stuttgart-Untertürkheim|Stuttgart Neckarpark|Stuttgart-Bad Cannstatt|Stuttgart Hbf (tief),8006700,Stuttgart Stadtmitte,Baden-Württemberg,Stuttgart,70173,9.173046906,48.77632953,3,2512041308,,2512041308,,h,1,Bauarbeiten,,,,,,,1.0,1.0
-7145620013091648078-2512041311-3,56113,2512041317,2512041317,1,,S,3,Stuttgart-Bad Cannstatt|Stuttgart Hbf (tief),8006700,Stuttgart Stadtmitte,Baden-Württemberg,Stuttgart,70173,9.173046906,48.77632953,3,2512041318,,2512041319,,,,,,,,,,,1.0,2.0
6555495071308560297-2512041310-11,28399,2512041339,2512041340,1,,S,4,Marbach(Neckar)|Benningen(Neckar)|Freiberg(Neckar)|Favoritepark|Ludwigsburg|Kornwestheim Pbf|Stuttgart-Zuffenhausen|Stuttgart-Feuerbach|Stuttgart Nord|Stuttgart Hbf (tief),8006700,Stuttgart Stadtmitte,Baden-Württemberg,Stuttgart,70173,9.173046906,48.77632953,3,2512041345,,2512041346,,h,1,Bauarbeiten,,,,,,,6.0,6.0
7531750134200071940-2512041347-3,28404,2512041350,2512041351,2,,S,4,Stuttgart Schwabstr.|Stuttgart Feuersee,8006700,Stuttgart Stadtmitte,Baden-Württemberg,Stuttgart,70173,9.173046906,48.77632953,3,2512041350,,2512041351,,h,1,Bauarbeiten,,,,,,,0.0,0.0
-6266903130374520756-2512041312-3,7632,2512041315,2512041316,2,,S,6,Stuttgart Schwabstr.|Stuttgart Feuersee,8006700,Stuttgart Stadtmitte,Baden-Württemberg,Stuttgart,70173,9.173046906,48.77632953,3,2512041319,,2512041320,,h,1,Bauarbeiten,,,,,,,4.0,4.0
-4525949924591958884-2512041332-3,7432,2512041335,2512041336,2,,S,4,Stuttgart Schwabstr.|Stuttgart Feuersee,8006700,Stuttgart Stadtmitte,Baden-Württemberg,Stuttgart,70173,9.173046906,48.77632953,3,2512041337,,2512041338,,h,1,Bauarbeiten,,,,,,,2.0,2.0
1188384783134199026-2512041342-3,7634,2512041345,2512041346,2,,S,6,Stuttgart Schwabstr.|Stuttgart Feuersee,8006700,Stuttgart Stadtmitte,Baden-Württemberg,Stuttgart,70173,9.173046906,48.77632953,3,2512041345,,2512041346,,h,1,Bauarbeiten,,,,,,,0.0,0.0
4686229571978930817-2512041351-3,56037,2512041357,2512041357,1,,S,2,Stuttgart-Bad Cannstatt|Stuttgart Hbf (tief),8006700,Stuttgart Stadtmitte,Baden-Württemberg,Stuttgart,70173,9.173046906,48.77632953,3,2512041358,,2512041358,,,,,,,,,,,1.0,1.0
-144422822861230009-2512041237-10,7533,2512041304,2512041305,1,,S,5,Bietigheim-Bissingen|Tamm(Württ)|Asperg|Ludwigsburg|Kornwestheim Pbf|Stuttgart-Zuffenhausen|Stuttgart-Feuerbach|Stuttgart Nord|Stuttgart Hbf (tief),8006700,Stuttgart Stadtmitte,Baden-Württemberg,Stuttgart,70173,9.173046906,48.77632953,3,2512041305,,2512041305,,,,,,,,,,,1.0,0.0
3678250551835302766-2512041341-3,56115,2512041347,2512041347,1,,S,3,Stuttgart-Bad Cannstatt|Stuttgart Hbf (tief),8006700,Stuttgart Stadtmitte,Baden-Württemberg,Stuttgart,70173,9.173046906,48.77632953,3,2512041348,,2512041349,,,,,,,,,,,1.0,2.0
-8922964933325247623-2512041233-15,7633,2512041314,2512041315,1,,S,6,Weil der Stadt|Malmsheim|Renningen|Rutesheim|Leonberg|Höfingen|Ditzingen|Weilimdorf|Korntal|Neuwirtshaus(Porscheplatz)|Stuttgart-Zuffenhausen|Stuttgart-Feuerbach|Stuttgart Nord|Stuttgart Hbf (tief),8006700,Stuttgart Stadtmitte,Baden-Württemberg,Stuttgart,70173,9.173046906,48.77632953,3,2512041316,,2512041316,,h,1,Bauarbeiten,,,,,,,2.0,1.0
-5817753767787077907-2512041255-11,7433,2512041324,2512041325,1,,S,4,Marbach(Neckar)|Benningen(Neckar)|Freiberg(Neckar)|Favoritepark|Ludwigsburg|Kornwestheim Pbf|Stuttgart-Zuffenhausen|Stuttgart-Feuerbach|Stuttgart Nord|Stuttgart Hbf (tief),8006700,Stuttgart Stadtmitte,Baden-Württemberg,Stuttgart,70173,9.173046906,48.77632953,3,2512041329,,2512041330,,h,1,Bauarbeiten,,,,,,,5.0,5.0
6860077973327279202-2512041316-14,7136,2512041353,2512041353,2,,S,1,Herrenberg|Nufringen|Gärtringen|Ehningen(b Böblingen)|Hulb|Böblingen|Goldberg(Württ)|Stuttgart-Rohr|Stuttgart-Vaihingen|Stuttgart-Österfeld|Stuttgart Universität|Stuttgart Schwabstr.|Stuttgart Feuersee,8006700,Stuttgart Stadtmitte,Baden-Württemberg,Stuttgart,70173,9.173046906,48.77632953,3,2512041359,,2512041359,,h,1,Bauarbeiten,,,,,,,6.0,6.0
-4288525857753429602-2512041252-10,28469,2512041319,2512041320,1,,S,5,Bietigheim-Bissingen|Tamm(Württ)|Asperg|Ludwigsburg|Kornwestheim Pbf|Stuttgart-Zuffenhausen|Stuttgart-Feuerbach|Stuttgart Nord|Stuttgart Hbf (tief),8006700,Stuttgart Stadtmitte,Baden-Württemberg,Stuttgart,70173,9.173046906,48.77632953,3,2512041324,,2512041324,,,,,,,,,,,5.0,4.0
-6700422537624249946-2512041322-10,28471,2512041349,2512041350,1,,S,5,Bietigheim-Bissingen|Tamm(Württ)|Asperg|Ludwigsburg|Kornwestheim Pbf|Stuttgart-Zuffenhausen|Stuttgart-Feuerbach|Stuttgart Nord|Stuttgart Hbf (tief),8006700,Stuttgart Stadtmitte,Baden-Württemberg,Stuttgart,70173,9.173046906,48.77632953,3,2512041350,,2512041351,,,,,,,,,,,1.0,1.0
1692997485605395662-2512041250-16,7135,2512041337,2512041337,1,,S,1,Kirchheim(Teck)|Kirchheim(Teck)-Ötlingen|Wendlingen(Neckar)|Wernau(Neckar)|Plochingen|Altbach|Esslingen-Zell|Oberesslingen|Esslingen(Neckar)|Esslingen-Mettingen|Stuttgart-Obertürkheim|Stuttgart-Untertürkheim|Stuttgart Neckarpark|Stuttgart-Bad Cannstatt|Stuttgart Hbf (tief),8006700,Stuttgart Stadtmitte,Baden-Württemberg,Stuttgart,70173,9.173046906,48.77632953,3,2512041337,,2512041338,,h,1,Bauarbeiten,,,,,,,0.0,1.0
-5490041423935091879-2512041246-14,7134,2512041323,2512041323,2,,S,1,Herrenberg|Nufringen|Gärtringen|Ehningen(b Böblingen)|Hulb|Böblingen|Goldberg(Württ)|Stuttgart-Rohr|Stuttgart-Vaihingen|Stuttgart-Österfeld|Stuttgart Universität|Stuttgart Schwabstr.|Stuttgart Feuersee,8006700,Stuttgart Stadtmitte,Baden-Württemberg,Stuttgart,70173,9.173046906,48.77632953,3,2512041325,,2512041326,,h,1,Bauarbeiten,,,,,,,2.0,3.0
-3794323979676538163-2512041248-11,56112,2512041313,2512041313,2,,S,3,Stuttgart Flughafen/Messe|Echterdingen|Leinfelden|Oberaichen|Stuttgart-Rohr|Stuttgart-Vaihingen|Stuttgart-Österfeld|Stuttgart Universität|Stuttgart Schwabstr.|Stuttgart Feuersee,8006700,Stuttgart Stadtmitte,Baden-Württemberg,Stuttgart,70173,9.173046906,48.77632953,3,2512041317,,2512041318,,,,,,,,,,,4.0,5.0
565274331569361430-2512041233-12,56030,2512041303,2512041303,2,,S,2,Filderstadt|Stuttgart Flughafen/Messe|Echterdingen|Leinfelden|Oberaichen|Stuttgart-Rohr|Stuttgart-Vaihingen|Stuttgart-Österfeld|Stuttgart Universität|Stuttgart Schwabstr.|Stuttgart Feuersee,8006700,Stuttgart Stadtmitte,Baden-Württemberg,Stuttgart,70173,9.173046906,48.77632953,3,2512041303,,2512041304,,,,,,,,,,,0.0,1.0
-8228587515374315120-2512041352-3,7536,2512041355,2512041356,2,,S,5,Stuttgart Schwabstr.|Stuttgart Feuersee,8006700,Stuttgart Stadtmitte,Baden-Württemberg,Stuttgart,70173,9.173046906,48.77632953,3,2512041356,,2512041356,,,,,,,,,,,1.0,0.0
-7683922748438555510-2512041303-15,7635,2512041344,2512041345,1,,S,6,Weil der Stadt|Malmsheim|Renningen|Rutesheim|Leonberg|Höfingen|Ditzingen|Weilimdorf|Korntal|Neuwirtshaus(Porscheplatz)|Stuttgart-Zuffenhausen|Stuttgart-Feuerbach|Stuttgart Nord|Stuttgart Hbf (tief),8006700,Stuttgart Stadtmitte,Baden-Württemberg,Stuttgart,70173,9.173046906,48.77632953,3,2512041352,,2512041353,,h,1,Bauarbeiten,,,,,,,8.0,8.0
-4511803896361159245-2512041318-11,56114,2512041343,2512041343,2,,S,3,Stuttgart Flughafen/Messe|Echterdingen|Leinfelden|Oberaichen|Stuttgart-Rohr|Stuttgart-Vaihingen|Stuttgart-Österfeld|Stuttgart Universität|Stuttgart Schwabstr.|Stuttgart Feuersee,8006700,Stuttgart Stadtmitte,Baden-Württemberg,Stuttgart,70173,9.173046906,48.77632953,3,2512041348,,2512041348,,,,,,,,,,,5.0,5.0
-5311335166810349053-2512041307-10,7535,2512041334,2512041335,1,,S,5,Bietigheim-Bissingen|Tamm(Württ)|Asperg|Ludwigsburg|Kornwestheim Pbf|Stuttgart-Zuffenhausen|Stuttgart-Feuerbach|Stuttgart Nord|Stuttgart Hbf (tief),8006700,Stuttgart Stadtmitte,Baden-Württemberg,Stuttgart,70173,9.173046906,48.77632953,3,2512041335,,2512041336,,,,,,,,,,,1.0,1.0
-3085481889421354950-2512041337-3,28470,2512041340,2512041341,2,,S,5,Stuttgart Schwabstr.|Stuttgart Feuersee,8006700,Stuttgart Stadtmitte,Baden-Württemberg,Stuttgart,70173,9.173046906,48.77632953,3,2512041342,,2512041343,,,,,,,,,,,2.0,2.0
4907785515978563886-2512041302-3,7430,2512041305,2512041306,2,,S,4,Stuttgart Schwabstr.|Stuttgart Feuersee,8006700,Stuttgart Stadtmitte,Baden-Württemberg,Stuttgart,70173,9.173046906,48.77632953,3,2512041306,,2512041307,,h,1,Bauarbeiten,,,,,,,1.0,1.0
-288669336801421707-2512041303-12,56032,2512041333,2512041333,2,,S,2,Filderstadt|Stuttgart Flughafen/Messe|Echterdingen|Leinfelden|Oberaichen|Stuttgart-Rohr|Stuttgart-Vaihingen|Stuttgart-Österfeld|Stuttgart Universität|Stuttgart Schwabstr.|Stuttgart Feuersee,8006700,Stuttgart Stadtmitte,Baden-Württemberg,Stuttgart,70173,9.173046906,48.77632953,3,2512041334,,2512041334,,,,,,,,,,,1.0,1.0
2715788132942076371-2512041307-3,28468,2512041310,2512041311,2,,S,5,Stuttgart Schwabstr.|Stuttgart Feuersee,8006700,Stuttgart Stadtmitte,Baden-Württemberg,Stuttgart,70173,9.173046906,48.77632953,3,2512041310,,2512041311,,,,,,,,,,,0.0,0.0
107482304069760705-2512041321-3,56035,2512041327,2512041327,1,,S,2,Stuttgart-Bad Cannstatt|Stuttgart Hbf (tief),8006700,Stuttgart Stadtmitte,Baden-Württemberg,Stuttgart,70173,9.173046906,48.77632953,3,2512041327,,2512041328,,,,,,,,,,,0.0,1.0
-1050718254766280262-2512041240-11,28397,2512041309,2512041310,1,,S,4,Marbach(Neckar)|Benningen(Neckar)|Freiberg(Neckar)|Favoritepark|Ludwigsburg|Kornwestheim Pbf|Stuttgart-Zuffenhausen|Stuttgart-Feuerbach|Stuttgart Nord|Stuttgart Hbf (tief),8006700,Stuttgart Stadtmitte,Baden-Württemberg,Stuttgart,70173,9.173046906,48.77632953,3,2512041311,,2512041312,,h,1,Bauarbeiten,,,,,,,2.0,2.0
-8143374333923627216-2512041325-11,7435,2512041354,2512041355,1,,S,4,Marbach(Neckar)|Benningen(Neckar)|Freiberg(Neckar)|Favoritepark|Ludwigsburg|Kornwestheim Pbf|Stuttgart-Zuffenhausen|Stuttgart-Feuerbach|Stuttgart Nord|Stuttgart Hbf (tief),8006700,Stuttgart Stadtmitte,Baden-Württemberg,Stuttgart,70173,9.173046906,48.77632953,3,2512041355,,2512041356,,h,1,Bauarbeiten,,,,,,,1.0,1.0
5941834571298649161-2512041320-12,7137,2512041355,2512041355,5,,S,1,Kirchheim(Teck)|Kirchheim(Teck)-Ötlingen|Wendlingen(Neckar)|Wernau(Neckar)|Plochingen|Altbach|Esslingen-Zell|Oberesslingen|Esslingen(Neckar)|Esslingen-Mettingen|Stuttgart-Obertürkheim,8005775,Stuttgart-Untertürkheim Pbf,Baden-Württemberg,Stuttgart,70327,9.250467074,48.77984679,3,2512041355,,2512041356,,h,1,Bauarbeiten,,,,,,,0.0,1.0
1692997485605395662-2512041250-12,7135,2512041325,2512041325,5,,S,1,Kirchheim(Teck)|Kirchheim(Teck)-Ötlingen|Wendlingen(Neckar)|Wernau(Neckar)|Plochingen|Altbach|Esslingen-Zell|Oberesslingen|Esslingen(Neckar)|Esslingen-Mettingen|Stuttgart-Obertürkheim,8005775,Stuttgart-Untertürkheim Pbf,Baden-Württemberg,Stuttgart,70327,9.250467074,48.77984679,3,2512041325,,2512041325,,h,1,Bauarbeiten,,,,,,,0.0,0.0
-5490041423935091879-2512041246-18,7134,2512041334,2512041334,6,,S,1,Herrenberg|Nufringen|Gärtringen|Ehningen(b Böblingen)|Hulb|Böblingen|Goldberg(Württ)|Stuttgart-Rohr|Stuttgart-Vaihingen|Stuttgart-Österfeld|Stuttgart Universität|Stuttgart Schwabstr.|Stuttgart Feuersee|Stuttgart Stadtmitte|Stuttgart Hbf (tief)|Stuttgart-Bad Cannstatt|Stuttgart Neckarpark,8005775,Stuttgart-Untertürkheim Pbf,Baden-Württemberg,Stuttgart,70327,9.250467074,48.77984679,3,2512041336,,2512041337,,h,1,Bauarbeiten,,,,,,,2.0,3.0
3410717060998267101-2512041216-18,7132,2512041304,2512041304,6,,S,1,Herrenberg|Nufringen|Gärtringen|Ehningen(b Böblingen)|Hulb|Böblingen|Goldberg(Württ)|Stuttgart-Rohr|Stuttgart-Vaihingen|Stuttgart-Österfeld|Stuttgart Universität|Stuttgart Schwabstr.|Stuttgart Feuersee|Stuttgart Stadtmitte|Stuttgart Hbf (tief)|Stuttgart-Bad Cannstatt|Stuttgart Neckarpark,8005775,Stuttgart-Untertürkheim Pbf,Baden-Württemberg,Stuttgart,70327,9.250467074,48.77984679,3,2512041308,,2512041309,,h,1,Bauarbeiten,,,,,,,4.0,5.0
2445452608426707839-2512041304-5,7732,2512041325,,,,S,,Herrenberg|Böblingen|Goldberg(Württ)|Stuttgart-Rohr,8005776,Stuttgart-Vaihingen,Baden-Württemberg,Stuttgart,70563,9.113913368,48.72698116,3,2512041330,6,,,h,1,Bauarbeiten,,,,,,,5.0,0.0
-6319936848544854600-2512041220-21,7133,2512041319,2512041320,1,,S,1,Kirchheim(Teck)|Kirchheim(Teck)-Ötlingen|Wendlingen(Neckar)|Wernau(Neckar)|Plochingen|Altbach|Esslingen-Zell|Oberesslingen|Esslingen(Neckar)|Esslingen-Mettingen|Stuttgart-Obertürkheim|Stuttgart-Untertürkheim|Stuttgart Neckarpark|Stuttgart-Bad Cannstatt|Stuttgart Hbf (tief)|Stuttgart Stadtmitte|Stuttgart Feuersee|Stuttgart Schwabstr.|Stuttgart Universität|Stuttgart-Österfeld,8005776,Stuttgart-Vaihingen,Baden-Württemberg,Stuttgart,70563,9.113913368,48.72698116,3,2512041320,,2512041321,,h,1,Bauarbeiten,,,,,,,1.0,1.0
3993915534975484274-2512041333-7,56034,2512041350,2512041350,3,,S,2,Filderstadt|Stuttgart Flughafen/Messe|Echterdingen|Leinfelden|Oberaichen|Stuttgart-Rohr,8005776,Stuttgart-Vaihingen,Baden-Württemberg,Stuttgart,70563,9.113913368,48.72698116,3,2512041351,,2512041352,,,,,,,,,,,1.0,2.0
-7145620013091648078-2512041311-8,56113,2512041329,2512041330,2,,S,3,Stuttgart-Bad Cannstatt|Stuttgart Hbf (tief)|Stuttgart Stadtmitte|Stuttgart Feuersee|Stuttgart Schwabstr.|Stuttgart Universität|Stuttgart-Österfeld,8005776,Stuttgart-Vaihingen,Baden-Württemberg,Stuttgart,70563,9.113913368,48.72698116,3,2512041331,,2512041332,,,,,,,,,,,2.0,2.0
7061212763636631939-2512041251-8,56033,2512041309,2512041310,2,,S,2,Stuttgart-Bad Cannstatt|Stuttgart Hbf (tief)|Stuttgart Stadtmitte|Stuttgart Feuersee|Stuttgart Schwabstr.|Stuttgart Universität|Stuttgart-Österfeld,8005776,Stuttgart-Vaihingen,Baden-Württemberg,Stuttgart,70563,9.113913368,48.72698116,3,2512041311,,2512041312,,,,,,,,,,,2.0,2.0
3678250551835302766-2512041341-8,56115,2512041359,2512041400,2,,S,3,Stuttgart-Bad Cannstatt|Stuttgart Hbf (tief)|Stuttgart Stadtmitte|Stuttgart Feuersee|Stuttgart Schwabstr.|Stuttgart Universität|Stuttgart-Österfeld,8005776,Stuttgart-Vaihingen,Baden-Württemberg,Stuttgart,70563,9.113913368,48.72698116,3,2512041402,,2512041403,,,,,,,,,,,3.0,3.0
-1936486939046904827-2512041331-9,7734,2512041355,,,,S,,Herrenberg|Nufringen|Gärtringen|Ehningen(b Böblingen)|Hulb|Böblingen|Goldberg(Württ)|Stuttgart-Rohr,8005776,Stuttgart-Vaihingen,Baden-Württemberg,Stuttgart,70563,9.113913368,48.72698116,3,2512041358,6,,,h,1,Bauarbeiten,,,,,,,3.0,0.0
6860077973327279202-2512041316-9,7136,2512041340,2512041340,3,,S,1,Herrenberg|Nufringen|Gärtringen|Ehningen(b Böblingen)|Hulb|Böblingen|Goldberg(Württ)|Stuttgart-Rohr,8005776,Stuttgart-Vaihingen,Baden-Württemberg,Stuttgart,70563,9.113913368,48.72698116,3,2512041346,,2512041347,,h,1,Bauarbeiten,,,,,,,6.0,7.0
1692997485605395662-2512041250-21,7135,2512041349,2512041350,1,,S,1,Kirchheim(Teck)|Kirchheim(Teck)-Ötlingen|Wendlingen(Neckar)|Wernau(Neckar)|Plochingen|Altbach|Esslingen-Zell|Oberesslingen|Esslingen(Neckar)|Esslingen-Mettingen|Stuttgart-Obertürkheim|Stuttgart-Untertürkheim|Stuttgart Neckarpark|Stuttgart-Bad Cannstatt|Stuttgart Hbf (tief)|Stuttgart Stadtmitte|Stuttgart Feuersee|Stuttgart Schwabstr.|Stuttgart Universität|Stuttgart-Österfeld,8005776,Stuttgart-Vaihingen,Baden-Württemberg,Stuttgart,70563,9.113913368,48.72698116,3,2512041349,,2512041350,,h,1,Bauarbeiten,,,,,,,0.0,0.0
-5490041423935091879-2512041246-9,7134,2512041310,2512041310,3,,S,1,Herrenberg|Nufringen|Gärtringen|Ehningen(b Böblingen)|Hulb|Böblingen|Goldberg(Württ)|Stuttgart-Rohr,8005776,Stuttgart-Vaihingen,Baden-Württemberg,Stuttgart,70563,9.113913368,48.72698116,3,2512041311,,2512041311,,h,1,Bauarbeiten,,,,,,,1.0,1.0
-365780276574415312-2512041241-8,56111,2512041259,2512041300,2,,S,3,Stuttgart-Bad Cannstatt|Stuttgart Hbf (tief)|Stuttgart Stadtmitte|Stuttgart Feuersee|Stuttgart Schwabstr.|Stuttgart Universität|Stuttgart-Österfeld,8005776,Stuttgart-Vaihingen,Baden-Württemberg,Stuttgart,70563,9.113913368,48.72698116,3,2512041300,,2512041300,,,,,,,,,,,1.0,0.0
-3794323979676538163-2512041248-6,56112,2512041300,2512041300,3,,S,3,Stuttgart Flughafen/Messe|Echterdingen|Leinfelden|Oberaichen|Stuttgart-Rohr,8005776,Stuttgart-Vaihingen,Baden-Württemberg,Stuttgart,70563,9.113913368,48.72698116,3,2512041301,,2512041302,,,,,,,,,,,1.0,2.0
-4511803896361159245-2512041318-6,56114,2512041330,2512041330,3,,S,3,Stuttgart Flughafen/Messe|Echterdingen|Leinfelden|Oberaichen|Stuttgart-Rohr,8005776,Stuttgart-Vaihingen,Baden-Württemberg,Stuttgart,70563,9.113913368,48.72698116,3,2512041334,,2512041335,,,,,,,,,,,4.0,5.0
9220221134919700364-2512041305-1,7733,,2512041305,,,S,1,,8005776,Stuttgart-Vaihingen,Baden-Württemberg,Stuttgart,70563,9.113913368,48.72698116,3,,,2512041306,,h,1,Bauarbeiten,,,,,,,0.0,1.0
5925841418672271349-2512041335-1,7735,,2512041335,,,S,1,,8005776,Stuttgart-Vaihingen,Baden-Württemberg,Stuttgart,70563,9.113913368,48.72698116,3,,,2512041339,,h,1,Bauarbeiten,,,,,,,0.0,4.0
-288669336801421707-2512041303-7,56032,2512041320,2512041320,3,,S,2,Filderstadt|Stuttgart Flughafen/Messe|Echterdingen|Leinfelden|Oberaichen|Stuttgart-Rohr,8005776,Stuttgart-Vaihingen,Baden-Württemberg,Stuttgart,70563,9.113913368,48.72698116,3,2512041320,,2512041320,,,,,,,,,,,0.0,0.0
107482304069760705-2512041321-8,56035,2512041339,2512041340,2,,S,2,Stuttgart-Bad Cannstatt|Stuttgart Hbf (tief)|Stuttgart Stadtmitte|Stuttgart Feuersee|Stuttgart Schwabstr.|Stuttgart Universität|Stuttgart-Österfeld,8005776,Stuttgart-Vaihingen,Baden-Württemberg,Stuttgart,70563,9.113913368,48.72698116,3,2512041340,,2512041342,,,,,,,,,,,1.0,2.0
-8244462081615470367-2512041234-12,7031,2512041311,2512041311,2,,S,60,Böblingen|Sindelfingen|Maichingen|Maichingen Nord|Magstadt|Renningen Süd|Renningen|Rutesheim|Leonberg|Höfingen|Ditzingen,8006268,Stuttgart-Weilimdorf,Baden-Württemberg,Stuttgart,70499,9.094370086,48.82208429,5,2512041311,,2512041311,,,,,,,,,,,0.0,0.0
-661438075088023210-2512041242-10,7630,2512041303,2512041303,1,,S,6,Stuttgart Schwabstr.|Stuttgart Feuersee|Stuttgart Stadtmitte|Stuttgart Hbf (tief)|Stuttgart Nord|Stuttgart-Feuerbach|Stuttgart-Zuffenhausen|Neuwirtshaus(Porscheplatz)|Korntal,8006268,Stuttgart-Weilimdorf,Baden-Württemberg,Stuttgart,70499,9.094370086,48.82208429,5,2512041312,,2512041312,,h,1,Bauarbeiten,,,,,,,9.0,9.0
-6618548157105238962-2512041333-8,7637,2512041356,2512041356,2,,S,6,Weil der Stadt|Malmsheim|Renningen|Rutesheim|Leonberg|Höfingen|Ditzingen,8006268,Stuttgart-Weilimdorf,Baden-Württemberg,Stuttgart,70499,9.094370086,48.82208429,5,2512041357,,2512041357,,h,1,Bauarbeiten,,,,,,,1.0,1.0
-6266903130374520756-2512041312-10,7632,2512041333,2512041333,1,,S,6,Stuttgart Schwabstr.|Stuttgart Feuersee|Stuttgart Stadtmitte|Stuttgart Hbf (tief)|Stuttgart Nord|Stuttgart-Feuerbach|Stuttgart-Zuffenhausen|Neuwirtshaus(Porscheplatz)|Korntal,8006268,Stuttgart-Weilimdorf,Baden-Württemberg,Stuttgart,70499,9.094370086,48.82208429,5,2512041339,,2512041339,,h,1,Bauarbeiten,,,,,,,6.0,6.0
-4671468548274859337-2512041248-8,7931,2512041311,2512041311,2,,S,6,Weil der Stadt|Malmsheim|Renningen|Rutesheim|Leonberg|Höfingen|Ditzingen,8006268,Stuttgart-Weilimdorf,Baden-Württemberg,Stuttgart,70499,9.094370086,48.82208429,5,2512041311,,2512041311,,,,,,,,,,,0.0,0.0
-6736509556138660402-2512041304-12,7033,2512041341,2512041341,2,,S,60,Böblingen|Sindelfingen|Maichingen|Maichingen Nord|Magstadt|Renningen Süd|Renningen|Rutesheim|Leonberg|Höfingen|Ditzingen,8006268,Stuttgart-Weilimdorf,Baden-Württemberg,Stuttgart,70499,9.094370086,48.82208429,5,2512041341,,2512041342,,,,,,,,,,,0.0,1.0
-7683922748438555510-2512041303-8,7635,2512041326,2512041326,2,,S,6,Weil der Stadt|Malmsheim|Renningen|Rutesheim|Leonberg|Höfingen|Ditzingen,8006268,Stuttgart-Weilimdorf,Baden-Württemberg,Stuttgart,70499,9.094370086,48.82208429,5,2512041330,,2512041330,,h,1,Bauarbeiten,,,,,,,4.0,4.0
-5532415123701834684-2512041339-5,7938,2512041348,2512041348,1,,S,6,Stuttgart-Feuerbach|Stuttgart-Zuffenhausen|Neuwirtshaus(Porscheplatz)|Korntal,8006268,Stuttgart-Weilimdorf,Baden-Württemberg,Stuttgart,70499,9.094370086,48.82208429,5,2512041352,,2512041353,,,,,,,,,,,4.0,5.0
-3357476612343189405-2512041309-5,7036,2512041318,2512041318,1,,S,60,Stuttgart-Feuerbach|Stuttgart-Zuffenhausen|Neuwirtshaus(Porscheplatz)|Korntal,8006268,Stuttgart-Weilimdorf,Baden-Württemberg,Stuttgart,70499,9.094370086,48.82208429,5,2512041320,,2512041320,,,,,,,,,,,2.0,2.0
4811093792071374983-2512041318-8,7933,2512041341,2512041341,2,,S,6,Weil der Stadt|Malmsheim|Renningen|Rutesheim|Leonberg|Höfingen|Ditzingen,8006268,Stuttgart-Weilimdorf,Baden-Württemberg,Stuttgart,70499,9.094370086,48.82208429,5,2512041341,,2512041342,,,,,,,,,,,0.0,1.0
-117664068110103176-2512041339-5,7038,2512041348,2512041348,1,,S,60,Stuttgart-Feuerbach|Stuttgart-Zuffenhausen|Neuwirtshaus(Porscheplatz)|Korntal,8006268,Stuttgart-Weilimdorf,Baden-Württemberg,Stuttgart,70499,9.094370086,48.82208429,5,2512041352,,2512041353,,,,,,,,,,,4.0,5.0
6635133046999028508-2512041309-5,7936,2512041318,2512041318,1,,S,6,Stuttgart-Feuerbach|Stuttgart-Zuffenhausen|Neuwirtshaus(Porscheplatz)|Korntal,8006268,Stuttgart-Weilimdorf,Baden-Württemberg,Stuttgart,70499,9.094370086,48.82208429,5,2512041320,,2512041320,,,,,,,,,,,2.0,2.0
-2228586882643936433-2512041322-7,7534,2512041336,2512041337,4,,S,5,Stuttgart Schwabstr.|Stuttgart Feuersee|Stuttgart Stadtmitte|Stuttgart Hbf (tief)|Stuttgart Nord|Stuttgart-Feuerbach,8005778,Stuttgart-Zuffenhausen,Baden-Württemberg,Stuttgart,70435,9.167156375,48.82960884,3,2512041338,,2512041338,,,,,,,,,,,2.0,1.0
-8244462081615470367-2512041234-15,7031,2512041318,2512041319,12,,S,60,Böblingen|Sindelfingen|Maichingen|Maichingen Nord|Magstadt|Renningen Süd|Renningen|Rutesheim|Leonberg|Höfingen|Ditzingen|Weilimdorf|Korntal|Neuwirtshaus(Porscheplatz),8005778,Stuttgart-Zuffenhausen,Baden-Württemberg,Stuttgart,70435,9.167156375,48.82960884,3,2512041322,,2512041322,,,,,,,,,,,4.0,3.0
-8940297413789405434-2512041317-7,28402,2512041331,2512041332,4,,S,4,Stuttgart Schwabstr.|Stuttgart Feuersee|Stuttgart Stadtmitte|Stuttgart Hbf (tief)|Stuttgart Nord|Stuttgart-Feuerbach,8005778,Stuttgart-Zuffenhausen,Baden-Württemberg,Stuttgart,70435,9.167156375,48.82960884,3,2512041334,,2512041334,,h,1,Bauarbeiten,,,,,,,3.0,2.0
6555495071308560297-2512041310-7,28399,2512041328,2512041329,2,,S,4,Marbach(Neckar)|Benningen(Neckar)|Freiberg(Neckar)|Favoritepark|Ludwigsburg|Kornwestheim Pbf,8005778,Stuttgart-Zuffenhausen,Baden-Württemberg,Stuttgart,70435,9.167156375,48.82960884,3,2512041332,,2512041333,,h,1,Bauarbeiten,,,,,,,4.0,4.0
-6266903130374520756-2512041312-7,7632,2512041326,2512041327,11,,S,6,Stuttgart Schwabstr.|Stuttgart Feuersee|Stuttgart Stadtmitte|Stuttgart Hbf (tief)|Stuttgart Nord|Stuttgart-Feuerbach,8005778,Stuttgart-Zuffenhausen,Baden-Württemberg,Stuttgart,70435,9.167156375,48.82960884,3,2512041330,,2512041331,,h,1,Bauarbeiten,,,,,,,4.0,4.0
-4525949924591958884-2512041332-7,7432,2512041346,2512041347,4,,S,4,Stuttgart Schwabstr.|Stuttgart Feuersee|Stuttgart Stadtmitte|Stuttgart Hbf (tief)|Stuttgart Nord|Stuttgart-Feuerbach,8005778,Stuttgart-Zuffenhausen,Baden-Württemberg,Stuttgart,70435,9.167156375,48.82960884,3,2512041348,,2512041348,,h,1,Bauarbeiten,,,,,,,2.0,1.0
1188384783134199026-2512041342-7,7634,2512041356,2512041357,11,,S,6,Stuttgart Schwabstr.|Stuttgart Feuersee|Stuttgart Stadtmitte|Stuttgart Hbf (tief)|Stuttgart Nord|Stuttgart-Feuerbach,8005778,Stuttgart-Zuffenhausen,Baden-Württemberg,Stuttgart,70435,9.167156375,48.82960884,3,2512041357,,2512041400,,h,1,Bauarbeiten,,,,,,,1.0,3.0
-8922964933325247623-2512041233-11,7633,2512041303,2512041304,12,,S,6,Weil der Stadt|Malmsheim|Renningen|Rutesheim|Leonberg|Höfingen|Ditzingen|Weilimdorf|Korntal|Neuwirtshaus(Porscheplatz),8005778,Stuttgart-Zuffenhausen,Baden-Württemberg,Stuttgart,70435,9.167156375,48.82960884,3,2512041304,,2512041305,,h,1,Bauarbeiten,,,,,,,1.0,1.0
-5995002106705392995-2512041247-7,28400,2512041301,2512041302,4,,S,4,Stuttgart Schwabstr.|Stuttgart Feuersee|Stuttgart Stadtmitte|Stuttgart Hbf (tief)|Stuttgart Nord|Stuttgart-Feuerbach,8005778,Stuttgart-Zuffenhausen,Baden-Württemberg,Stuttgart,70435,9.167156375,48.82960884,3,2512041304,,2512041304,,h,1,Bauarbeiten,,,,,,,3.0,2.0
-5817753767787077907-2512041255-7,7433,2512041313,2512041314,2,,S,4,Marbach(Neckar)|Benningen(Neckar)|Freiberg(Neckar)|Favoritepark|Ludwigsburg|Kornwestheim Pbf,8005778,Stuttgart-Zuffenhausen,Baden-Württemberg,Stuttgart,70435,9.167156375,48.82960884,3,2512041318,,2512041318,,h,1,Bauarbeiten,,,,,,,5.0,4.0
-4288525857753429602-2512041252-6,28469,2512041308,2512041309,2,,S,5,Bietigheim-Bissingen|Tamm(Württ)|Asperg|Ludwigsburg|Kornwestheim Pbf,8005778,Stuttgart-Zuffenhausen,Baden-Württemberg,Stuttgart,70435,9.167156375,48.82960884,3,2512041313,,2512041313,,,,,,,,,,,5.0,4.0
-6700422537624249946-2512041322-6,28471,2512041338,2512041339,2,,S,5,Bietigheim-Bissingen|Tamm(Württ)|Asperg|Ludwigsburg|Kornwestheim Pbf,8005778,Stuttgart-Zuffenhausen,Baden-Württemberg,Stuttgart,70435,9.167156375,48.82960884,3,2512041339,,2512041339,,,,,,,,,,,1.0,0.0
-4671468548274859337-2512041248-11,7931,2512041318,2512041319,12,,S,6,Weil der Stadt|Malmsheim|Renningen|Rutesheim|Leonberg|Höfingen|Ditzingen|Weilimdorf|Korntal|Neuwirtshaus(Porscheplatz),8005778,Stuttgart-Zuffenhausen,Baden-Württemberg,Stuttgart,70435,9.167156375,48.82960884,3,2512041322,,2512041322,,,,,,,,,,,4.0,3.0
-6736509556138660402-2512041304-15,7033,2512041348,2512041349,12,,S,60,Böblingen|Sindelfingen|Maichingen|Maichingen Nord|Magstadt|Renningen Süd|Renningen|Rutesheim|Leonberg|Höfingen|Ditzingen|Weilimdorf|Korntal|Neuwirtshaus(Porscheplatz),8005778,Stuttgart-Zuffenhausen,Baden-Württemberg,Stuttgart,70435,9.167156375,48.82960884,3,2512041356,,2512041356,,,,,,,,,,,8.0,7.0
-7683922748438555510-2512041303-11,7635,2512041333,2512041334,12,,S,6,Weil der Stadt|Malmsheim|Renningen|Rutesheim|Leonberg|Höfingen|Ditzingen|Weilimdorf|Korntal|Neuwirtshaus(Porscheplatz),8005778,Stuttgart-Zuffenhausen,Baden-Württemberg,Stuttgart,70435,9.167156375,48.82960884,3,2512041342,,2512041342,,h,1,Bauarbeiten,,,,,,,9.0,8.0
-5532415123701834684-2512041339-2,7938,2512041341,2512041342,12,,S,6,Stuttgart-Feuerbach,8005778,Stuttgart-Zuffenhausen,Baden-Württemberg,Stuttgart,70435,9.167156375,48.82960884,3,2512041345,,2512041345,,,,,,,,,,,4.0,3.0
-2205886530121673447-2512041337-6,7537,2512041353,2512041354,2,,S,5,Bietigheim-Bissingen|Tamm(Württ)|Asperg|Ludwigsburg|Kornwestheim Pbf,8005778,Stuttgart-Zuffenhausen,Baden-Württemberg,Stuttgart,70435,9.167156375,48.82960884,3,2512041355,,2512041355,,,,,,,,,,,2.0,1.0
-3357476612343189405-2512041309-2,7036,2512041311,2512041312,12,,S,60,Stuttgart-Feuerbach,8005778,Stuttgart-Zuffenhausen,Baden-Württemberg,Stuttgart,70435,9.167156375,48.82960884,3,2512041312,,2512041313,,,,,,,,,,,1.0,1.0
-5311335166810349053-2512041307-6,7535,2512041323,2512041324,2,,S,5,Bietigheim-Bissingen|Tamm(Württ)|Asperg|Ludwigsburg|Kornwestheim Pbf,8005778,Stuttgart-Zuffenhausen,Baden-Württemberg,Stuttgart,70435,9.167156375,48.82960884,3,2512041324,,2512041325,,,,,,,,,,,1.0,1.0
-3085481889421354950-2512041337-7,28470,2512041351,2512041352,4,,S,5,Stuttgart Schwabstr.|Stuttgart Feuersee|Stuttgart Stadtmitte|Stuttgart Hbf (tief)|Stuttgart Nord|Stuttgart-Feuerbach,8005778,Stuttgart-Zuffenhausen,Baden-Württemberg,Stuttgart,70435,9.167156375,48.82960884,3,2512041353,,2512041354,,,,,,,,,,,2.0,2.0
4907785515978563886-2512041302-7,7430,2512041316,2512041317,4,,S,4,Stuttgart Schwabstr.|Stuttgart Feuersee|Stuttgart Stadtmitte|Stuttgart Hbf (tief)|Stuttgart Nord|Stuttgart-Feuerbach,8005778,Stuttgart-Zuffenhausen,Baden-Württemberg,Stuttgart,70435,9.167156375,48.82960884,3,2512041318,,2512041318,,h,1,Bauarbeiten,,,,,,,2.0,1.0
2715788132942076371-2512041307-7,28468,2512041321,2512041322,4,,S,5,Stuttgart Schwabstr.|Stuttgart Feuersee|Stuttgart Stadtmitte|Stuttgart Hbf (tief)|Stuttgart Nord|Stuttgart-Feuerbach,8005778,Stuttgart-Zuffenhausen,Baden-Württemberg,Stuttgart,70435,9.167156375,48.82960884,3,2512041321,,2512041322,,,,,,,,,,,0.0,0.0
4811093792071374983-2512041318-11,7933,2512041348,2512041349,12,,S,6,Weil der Stadt|Malmsheim|Renningen|Rutesheim|Leonberg|Höfingen|Ditzingen|Weilimdorf|Korntal|Neuwirtshaus(Porscheplatz),8005778,Stuttgart-Zuffenhausen,Baden-Württemberg,Stuttgart,70435,9.167156375,48.82960884,3,2512041356,,2512041356,,,,,,,,,,,8.0,7.0
-117664068110103176-2512041339-2,7038,2512041341,2512041342,12,,S,60,Stuttgart-Feuerbach,8005778,Stuttgart-Zuffenhausen,Baden-Württemberg,Stuttgart,70435,9.167156375,48.82960884,3,2512041345,,2512041345,,,,,,,,,,,4.0,3.0
6635133046999028508-2512041309-2,7936,2512041311,2512041312,12,,S,6,Stuttgart-Feuerbach,8005778,Stuttgart-Zuffenhausen,Baden-Württemberg,Stuttgart,70435,9.167156375,48.82960884,3,2512041312,,2512041313,,,,,,,,,,,1.0,1.0
-1459044685595923916-2512041252-7,7532,2512041306,2512041307,4,,S,5,Stuttgart Schwabstr.|Stuttgart Feuersee|Stuttgart Stadtmitte|Stuttgart Hbf (tief)|Stuttgart Nord|Stuttgart-Feuerbach,8005778,Stuttgart-Zuffenhausen,Baden-Württemberg,Stuttgart,70435,9.167156375,48.82960884,3,2512041311,,2512041312,,,,,,,,,,,5.0,5.0
-8143374333923627216-2512041325-7,7435,2512041343,2512041344,2,,S,4,Marbach(Neckar)|Benningen(Neckar)|Freiberg(Neckar)|Favoritepark|Ludwigsburg|Kornwestheim Pbf,8005778,Stuttgart-Zuffenhausen,Baden-Württemberg,Stuttgart,70435,9.167156375,48.82960884,3,2512041344,,2512041346,,h,1,Bauarbeiten,,,,,,,1.0,2.0
7993369286273643102-2512041340-7,28401,2512041358,2512041359,2,,S,4,Marbach(Neckar)|Benningen(Neckar)|Freiberg(Neckar)|Favoritepark|Ludwigsburg|Kornwestheim Pbf,8005778,Stuttgart-Zuffenhausen,Baden-Württemberg,Stuttgart,70435,9.167156375,48.82960884,3,2512041400,,2512041401,,h,1,Bauarbeiten,,,,,,,2.0,2.0
-2228586882643936433-2512041322-11,7534,2512041349,2512041350,3,,S,5,Stuttgart Schwabstr.|Stuttgart Feuersee|Stuttgart Stadtmitte|Stuttgart Hbf (tief)|Stuttgart Nord|Stuttgart-Feuerbach|Stuttgart-Zuffenhausen|Kornwestheim Pbf|Ludwigsburg|Asperg,8005820,Tamm (Württ),Baden-Württemberg,Tamm,71732,9.125288012,48.92187736,4,2512041350,,2512041351,,,,,,,,,,,1.0,1.0
-6700422537624249946-2512041322-2,28471,2512041325,2512041325,2,,S,5,Bietigheim-Bissingen,8005820,Tamm (Württ),Baden-Württemberg,Tamm,71732,9.125288012,48.92187736,4,2512041325,,2512041325,,,,,,,,,,,0.0,0.0
-2205886530121673447-2512041337-2,7537,2512041340,2512041340,2,,S,5,Bietigheim-Bissingen,8005820,Tamm (Württ),Baden-Württemberg,Tamm,71732,9.125288012,48.92187736,4,2512041340,,2512041340,,,,,,,,,,,0.0,0.0
-5311335166810349053-2512041307-2,7535,2512041310,2512041310,2,,S,5,Bietigheim-Bissingen,8005820,Tamm (Württ),Baden-Württemberg,Tamm,71732,9.125288012,48.92187736,4,2512041310,,2512041311,,,,,,,,,,,0.0,1.0
3655115014084866226-2512041237-11,28466,2512041304,2512041305,3,,S,5,Stuttgart Schwabstr.|Stuttgart Feuersee|Stuttgart Stadtmitte|Stuttgart Hbf (tief)|Stuttgart Nord|Stuttgart-Feuerbach|Stuttgart-Zuffenhausen|Kornwestheim Pbf|Ludwigsburg|Asperg,8005820,Tamm (Württ),Baden-Württemberg,Tamm,71732,9.125288012,48.92187736,4,2512041305,,2512041306,,,,,,,,,,,1.0,1.0
2715788132942076371-2512041307-11,28468,2512041334,2512041335,3,,S,5,Stuttgart Schwabstr.|Stuttgart Feuersee|Stuttgart Stadtmitte|Stuttgart Hbf (tief)|Stuttgart Nord|Stuttgart-Feuerbach|Stuttgart-Zuffenhausen|Kornwestheim Pbf|Ludwigsburg|Asperg,8005820,Tamm (Württ),Baden-Württemberg,Tamm,71732,9.125288012,48.92187736,4,2512041335,,2512041335,,,,,,,,,,,1.0,0.0
-5265875940213227637-2512041352-2,28473,2512041355,2512041355,2,,S,5,Bietigheim-Bissingen,8005820,Tamm (Württ),Baden-Württemberg,Tamm,71732,9.125288012,48.92187736,4,2512041355,,2512041356,,,,,,,,,,,0.0,1.0
-1459044685595923916-2512041252-11,7532,2512041319,2512041320,3,,S,5,Stuttgart Schwabstr.|Stuttgart Feuersee|Stuttgart Stadtmitte|Stuttgart Hbf (tief)|Stuttgart Nord|Stuttgart-Feuerbach|Stuttgart-Zuffenhausen|Kornwestheim Pbf|Ludwigsburg|Asperg,8005820,Tamm (Württ),Baden-Württemberg,Tamm,71732,9.125288012,48.92187736,4,2512041325,,2512041325,,,,,,,,,,,6.0,5.0
5226979901142351578-2512041302-1,75795,,2512041302,,,MEX,13,,8000180,Waiblingen,Baden-Württemberg,Waiblingen,71332,9.300476874,48.8262444,3,,,2512041303,6,,,,,,,,,,0.0,1.0
6987531824011246251-2512041257-2,7330,2512041259,2512041300,3,,S,3,Fellbach,8000180,Waiblingen,Baden-Württemberg,Waiblingen,71332,9.300476874,48.8262444,3,2512041259,,2512041300,,h,1,Bauarbeiten,,,,,,,0.0,0.0
6223730688488220237-2512041318-10,7237,2512041339,,5,,S,,Schorndorf|Weiler(Rems)|Winterbach(b Schorndorf)|Geradstetten|Grunbach|Beutelsbach|Endersbach|Stetten-Beinstein|Rommelshausen,8000180,Waiblingen,Baden-Württemberg,Waiblingen,71332,9.300476874,48.8262444,3,2512041342,7,,,,,,,,,,,,3.0,0.0
-6126868320491689649-2512041307-10,19422,2512041358,,6,,MEX,,Aalen Hbf|Mögglingen(Gmünd)|Böbingen(Rems)|Schwäbisch Gmünd|Lorch(Württ)|Waldhausen(b Schorndorf)|Plüderhausen|Urbach(b Schorndorf)|Schorndorf,8000180,Waiblingen,Baden-Württemberg,Waiblingen,71332,9.300476874,48.8262444,3,2512041358,,,,,,,,,,,,,0.0,0.0
1854488700594521932-2512041332-1,19469,,2512041332,,,MEX,13,,8000180,Waiblingen,Baden-Württemberg,Waiblingen,71332,9.300476874,48.8262444,3,,,2512041332,,,,,,,,,,,0.0,0.0
-2770168325908074713-2512041248-10,7235,2512041309,,5,,S,,Schorndorf|Weiler(Rems)|Winterbach(b Schorndorf)|Geradstetten|Grunbach|Beutelsbach|Endersbach|Stetten-Beinstein|Rommelshausen,8000180,Waiblingen,Baden-Württemberg,Waiblingen,71332,9.300476874,48.8262444,3,2512041311,7,,,,,,,,,,,,2.0,0.0
2986443659247538640-2512041327-2,7332,2512041329,2512041330,3,,S,3,Fellbach,8000180,Waiblingen,Baden-Württemberg,Waiblingen,71332,9.300476874,48.8262444,3,2512041330,,2512041330,,h,1,Bauarbeiten,,,,,,,1.0,0.0
-1682892274980988680-2512041152-18,19470,2512041328,,6,,MEX,,Crailsheim|Jagstzell|Ellwangen|Schrezheim|Schwabsberg|Goldshöfe|Hofen(b Aalen)|Wasseralfingen|Aalen Hbf|Mögglingen(Gmünd)|Böbingen(Rems)|Schwäbisch Gmünd|Lorch(Württ)|Waldhausen(b Schorndorf)|Plüderhausen|Urbach(b Schorndorf)|Schorndorf,8000180,Waiblingen,Baden-Württemberg,Waiblingen,71332,9.300476874,48.8262444,3,2512041328,,,,,,,,,,,,,0.0,0.0
8402650148385370774-2512041357-2,7334,2512041359,2512041400,3,,S,3,Fellbach,8000180,Waiblingen,Baden-Württemberg,Waiblingen,71332,9.300476874,48.8262444,3,2512041359,,2512041400,,h,1,Bauarbeiten,,,,,,,0.0,0.0
2585056089149631421-2512041320-1,7230,,2512041320,,,S,2,,8000180,Waiblingen,Baden-Württemberg,Waiblingen,71332,9.300476874,48.8262444,3,,,2512041320,7,,,,,,,,,,0.0,0.0
4534703989086356326-2512041341-7,7337,2512041359,2512041400,1,,S,3,Backnang|Maubach|Nellmersbach|Winnenden|Schwaikheim|Neustadt-Hohenacker,8000180,Waiblingen,Baden-Württemberg,Waiblingen,71332,9.300476874,48.8262444,3,2512041400,,2512041401,,h,1,Bauarbeiten,,,,,,,1.0,1.0
-796422872490314153-2512041350-1,7232,,2512041350,,,S,2,,8000180,Waiblingen,Baden-Württemberg,Waiblingen,71332,9.300476874,48.8262444,3,,,2512041351,7,,,,,,,,,,0.0,1.0
3957279639892378053-2512041311-7,7335,2512041329,2512041330,1,,S,3,Backnang|Maubach|Nellmersbach|Winnenden|Schwaikheim|Neustadt-Hohenacker,8000180,Waiblingen,Baden-Württemberg,Waiblingen,71332,9.300476874,48.8262444,3,2512041330,,2512041331,,h,1,Bauarbeiten,,,,,,,1.0,1.0
-97699751698418973-2512041241-7,7333,2512041259,2512041300,1,,S,3,Backnang|Maubach|Nellmersbach|Winnenden|Schwaikheim|Neustadt-Hohenacker,8000180,Waiblingen,Baden-Württemberg,Waiblingen,71332,9.300476874,48.8262444,3,2512041300,,2512041301,,h,1,Bauarbeiten,,,,,,,1.0,1.0
-661438075088023210-2512041242-17,7630,2512041327,,1,,S,,Stuttgart Schwabstr.|Stuttgart Feuersee|Stuttgart Stadtmitte|Stuttgart Hbf (tief)|Stuttgart Nord|Stuttgart-Feuerbach|Stuttgart-Zuffenhausen|Neuwirtshaus(Porscheplatz)|Korntal|Weilimdorf|Ditzingen|Höfingen|Leonberg|Rutesheim|Renningen|Malmsheim,8006271,Weil der Stadt,Baden-Württemberg,Weil der Stadt,71263,8.873189074,48.7557357,4,2512041332,,,,h,1,Bauarbeiten,,,,,,,5.0,0.0
-6618548157105238962-2512041333-1,7637,,2512041333,,,S,6,,8006271,Weil der Stadt,Baden-Württemberg,Weil der Stadt,71263,8.873189074,48.7557357,4,,,2512041336,,h,1,Bauarbeiten,,,,,,,0.0,3.0
-6266903130374520756-2512041312-17,7632,2512041357,,1,,S,,Stuttgart Schwabstr.|Stuttgart Feuersee|Stuttgart Stadtmitte|Stuttgart Hbf (tief)|Stuttgart Nord|Stuttgart-Feuerbach|Stuttgart-Zuffenhausen|Neuwirtshaus(Porscheplatz)|Korntal|Weilimdorf|Ditzingen|Höfingen|Leonberg|Rutesheim|Renningen|Malmsheim,8006271,Weil der Stadt,Baden-Württemberg,Weil der Stadt,71263,8.873189074,48.7557357,4,2512041359,,,,h,1,Bauarbeiten,,,,,,,2.0,0.0
2350915488892498341-2512041239-12,7934,2512041312,,1,,S,,Stuttgart-Feuerbach|Stuttgart-Zuffenhausen|Neuwirtshaus(Porscheplatz)|Korntal|Weilimdorf|Ditzingen|Höfingen|Leonberg|Rutesheim|Renningen|Malmsheim,8006271,Weil der Stadt,Baden-Württemberg,Weil der Stadt,71263,8.873189074,48.7557357,4,2512041315,,,,,,,,,,,,,3.0,0.0
-7683922748438555510-2512041303-1,7635,,2512041303,,,S,6,,8006271,Weil der Stadt,Baden-Württemberg,Weil der Stadt,71263,8.873189074,48.7557357,4,,,2512041307,,h,1,Bauarbeiten,,,,,,,0.0,4.0
-935841109059292920-2512041348-1,7935,,2512041348,,,S,6,,8006271,Weil der Stadt,Baden-Württemberg,Weil der Stadt,71263,8.873189074,48.7557357,4,,,2512041348,,,,,,,,,,,0.0,0.0
4811093792071374983-2512041318-1,7933,,2512041318,,,S,6,,8006271,Weil der Stadt,Baden-Württemberg,Weil der Stadt,71263,8.873189074,48.7557357,4,,,2512041317,,,,,,,,,,,0.0,-1.0
6635133046999028508-2512041309-12,7936,2512041342,,1,,S,,Stuttgart-Feuerbach|Stuttgart-Zuffenhausen|Neuwirtshaus(Porscheplatz)|Korntal|Weilimdorf|Ditzingen|Höfingen|Leonberg|Rutesheim|Renningen|Malmsheim,8006271,Weil der Stadt,Baden-Württemberg,Weil der Stadt,71263,8.873189074,48.7557357,4,2512041342,,,,,,,,,,,,,0.0,0.0
-5738559480003373388-2512041250-9,7228,2512041307,2512041307,1,,S,2,Waiblingen|Rommelshausen|Stetten-Beinstein|Endersbach|Beutelsbach|Grunbach|Geradstetten|Winterbach(b Schorndorf),8006277,Weiler (Rems),Baden-Württemberg,Schorndorf,76314,9.501891172,48.80034585,5,2512041307,,2512041308,,,,,,,,,,,0.0,1.0
6223730688488220237-2512041318-2,7237,2512041321,2512041321,2,,S,2,Schorndorf,8006277,Weiler (Rems),Baden-Württemberg,Schorndorf,76314,9.501891172,48.80034585,5,2512041321,,2512041321,,,,,,,,,,,0.0,0.0
-8059892926335795903-2512041348-2,7239,2512041351,2512041351,2,,S,2,Schorndorf,8006277,Weiler (Rems),Baden-Württemberg,Schorndorf,76314,9.501891172,48.80034585,5,2512041352,,2512041352,,,,,,,,,,,1.0,1.0
2585056089149631421-2512041320-9,7230,2512041337,2512041337,1,,S,2,Waiblingen|Rommelshausen|Stetten-Beinstein|Endersbach|Beutelsbach|Grunbach|Geradstetten|Winterbach(b Schorndorf),8006277,Weiler (Rems),Baden-Württemberg,Schorndorf,76314,9.501891172,48.80034585,5,2512041338,,2512041338,,,,,,,,,,,1.0,1.0
6893041171174348268-2512041329-3,16058,2512041359,,3,,RE,,Ulm Hbf|Merklingen - Schwäbische Alb,8006331,Wendlingen (Neckar),Baden-Württemberg,Wendlingen am Neckar,73240,9.373662098,48.67368917,3,2512041359,,,,h,3,Information,,,,,,,0.0,0.0
4844064976280640565-2512041136-26,19319,2512041350,2512041351,2,,MEX,18,Osterburken|Adelsheim Ost|Sennfeld|Roigheim|Möckmühl|Züttlingen|Siglingen|Neudenau|Herbolzheim(Jagst)|Untergriesheim|Bad Friedrichshall Hbf|Neckarsulm|Heilbronn Sülmertor|Heilbronn Hbf|Nordheim(Württ)|Lauffen(Neckar)|Kirchheim(Neckar)|Walheim(Württ)|Besigheim|Bietigheim-Bissingen|Ludwigsburg|Stuttgart Hbf|Stuttgart-Bad Cannstatt|Esslingen(Neckar)|Plochingen,8006331,Wendlingen (Neckar),Baden-Württemberg,Wendlingen am Neckar,73240,9.373662098,48.67368917,3,2512041401,,2512041401,,,,,,,,,,,11.0,10.0
3455884146753534665-2512041324-1,16057,,2512041324,,,RE,200,,8006331,Wendlingen (Neckar),Baden-Württemberg,Wendlingen am Neckar,73240,9.373662098,48.67368917,3,,,2512041324,,h,3,Information,,,,,,,0.0,0.0
1489000931947209853-2512041258-2,19318,2512041304,2512041305,1,,MEX,18,Nürtingen,8006331,Wendlingen (Neckar),Baden-Württemberg,Wendlingen am Neckar,73240,9.373662098,48.67368917,3,2512041304,,2512041305,,,,,,,,,,,0.0,0.0
5941834571298649161-2512041320-3,7137,2512041327,2512041328,12,,S,1,Kirchheim(Teck)|Kirchheim(Teck)-Ötlingen,8006331,Wendlingen (Neckar),Baden-Württemberg,Wendlingen am Neckar,73240,9.373662098,48.67368917,3,2512041327,,2512041328,,h,1,Bauarbeiten,,,,,,,0.0,0.0
7004552740739658779-2512041350-3,7139,2512041357,2512041358,12,,S,1,Kirchheim(Teck)|Kirchheim(Teck)-Ötlingen,8006331,Wendlingen (Neckar),Baden-Württemberg,Wendlingen am Neckar,73240,9.373662098,48.67368917,3,2512041358,,2512041359,,h,1,Bauarbeiten,,,,,,,1.0,1.0
-2238422087255895154-2512041325-3,56782,2512041332,2512041333,,,S,1,Plochingen|Wernau(Neckar),8006331,Wendlingen (Neckar),Baden-Württemberg,Wendlingen am Neckar,73240,9.373662098,48.67368917,3,2512041332,11,2512041334,11,,,,,,,,,,0.0,1.0
-9018806643423758316-2512041255-3,56780,2512041302,2512041303,,,S,1,Plochingen|Wernau(Neckar),8006331,Wendlingen (Neckar),Baden-Württemberg,Wendlingen am Neckar,73240,9.373662098,48.67368917,3,2512041302,11,2512041303,11,,,,,,,,,,0.0,0.0
-4982644085739770299-2512041157-13,19223,2512041318,2512041318,2,,MEX,12,Heilbronn Hbf|Nordheim(Württ)|Lauffen(Neckar)|Kirchheim(Neckar)|Walheim(Württ)|Besigheim|Bietigheim-Bissingen|Ludwigsburg|Stuttgart Hbf|Stuttgart-Bad Cannstatt|Esslingen(Neckar)|Plochingen,8006331,Wendlingen (Neckar),Baden-Württemberg,Wendlingen am Neckar,73240,9.373662098,48.67368917,3,2512041342,,2512041346,,c,,,,,,,,,24.0,28.0
6816789827706060315-2512041333-3,19232,2512041340,2512041341,1,,MEX,12,Nürtingen|Oberboihingen,8006331,Wendlingen (Neckar),Baden-Württemberg,Wendlingen am Neckar,73240,9.373662098,48.67368917,3,2512041340,,2512041341,,,,,,,,,,,0.0,0.0
5941834571298649161-2512041320-4,7137,2512041331,2512041331,1,,S,1,Kirchheim(Teck)|Kirchheim(Teck)-Ötlingen|Wendlingen(Neckar),8006346,Wernau (Neckar),Baden-Württemberg,Wernau (Neckar),73249,9.413654423,48.69417221,4,2512041331,,2512041331,,h,1,Bauarbeiten,,,,,,,0.0,0.0
1692997485605395662-2512041250-4,7135,2512041301,2512041301,1,,S,1,Kirchheim(Teck)|Kirchheim(Teck)-Ötlingen|Wendlingen(Neckar),8006346,Wernau (Neckar),Baden-Württemberg,Wernau (Neckar),73249,9.413654423,48.69417221,4,2512041301,,2512041301,,h,1,Bauarbeiten,,,,,,,0.0,0.0
-4551723767241374086-2512041355-2,56784,2512041358,2512041359,2,,S,1,Plochingen,8006346,Wernau (Neckar),Baden-Württemberg,Wernau (Neckar),73249,9.413654423,48.69417221,4,2512041401,,2512041401,,,,,,,,,,,3.0,2.0
-2238422087255895154-2512041325-2,56782,2512041328,2512041329,2,,S,1,Plochingen,8006346,Wernau (Neckar),Baden-Württemberg,Wernau (Neckar),73249,9.413654423,48.69417221,4,2512041328,,2512041329,,,,,,,,,,,0.0,0.0
6987531824011246251-2512041257-5,7330,2512041309,2512041309,2,,S,3,Fellbach|Waiblingen|Neustadt-Hohenacker|Schwaikheim,8006479,Winnenden,Baden-Württemberg,Winnenden,71364,9.392155928,48.8795625,3,2512041309,,2512041310,,h,1,Bauarbeiten,,,,,,,0.0,1.0
2986443659247538640-2512041327-5,7332,2512041339,2512041339,2,,S,3,Fellbach|Waiblingen|Neustadt-Hohenacker|Schwaikheim,8006479,Winnenden,Baden-Württemberg,Winnenden,71364,9.392155928,48.8795625,3,2512041340,,2512041340,,h,1,Bauarbeiten,,,,,,,1.0,1.0
-5066832270419952647-2512041232-8,17532,2512041313,,1,,MEX,,Gaildorf West|Fichtenberg|Fornsbach|Murrhardt|Sulzbach(Murr)|Oppenweiler(Württ)|Backnang,8006479,Winnenden,Baden-Württemberg,Winnenden,71364,9.392155928,48.8795625,3,2512041315,,,,,,,,,,,,,2.0,0.0
4534703989086356326-2512041341-4,7337,2512041349,2512041350,3,,S,3,Backnang|Maubach|Nellmersbach,8006479,Winnenden,Baden-Württemberg,Winnenden,71364,9.392155928,48.8795625,3,2512041350,,2512041350,,h,1,Bauarbeiten,,,,,,,1.0,0.0
1211752595168286291-2512041345-1,17529,,2512041345,,,MEX,19,,8006479,Winnenden,Baden-Württemberg,Winnenden,71364,9.392155928,48.8795625,3,,,2512041345,,,,,,,,,,,0.0,0.0
3957279639892378053-2512041311-4,7335,2512041319,2512041320,3,,S,3,Backnang|Maubach|Nellmersbach,8006479,Winnenden,Baden-Württemberg,Winnenden,71364,9.392155928,48.8795625,3,2512041320,,2512041321,,h,1,Bauarbeiten,,,,,,,1.0,1.0
-5738559480003373388-2512041250-8,7228,2512041305,2512041305,2,,S,2,Waiblingen|Rommelshausen|Stetten-Beinstein|Endersbach|Beutelsbach|Grunbach|Geradstetten,8006485,Winterbach (b Schorndorf),Baden-Württemberg,Winterbach,73650,9.481549751,48.79842743,4,2512041305,,2512041306,,,,,,,,,,,0.0,1.0
6223730688488220237-2512041318-3,7237,2512041323,2512041323,1,,S,2,Schorndorf|Weiler(Rems),8006485,Winterbach (b Schorndorf),Baden-Württemberg,Winterbach,73650,9.481549751,48.79842743,4,2512041323,,2512041324,,,,,,,,,,,0.0,1.0
-8059892926335795903-2512041348-3,7239,2512041353,2512041353,1,,S,2,Schorndorf|Weiler(Rems),8006485,Winterbach (b Schorndorf),Baden-Württemberg,Winterbach,73650,9.481549751,48.79842743,4,2512041354,,2512041354,,,,,,,,,,,1.0,1.0
2585056089149631421-2512041320-8,7230,2512041335,2512041335,2,,S,2,Waiblingen|Rommelshausen|Stetten-Beinstein|Endersbach|Beutelsbach|Grunbach|Geradstetten,8006485,Winterbach (b Schorndorf),Baden-Württemberg,Winterbach,73650,9.481549751,48.79842743,4,2512041335,,2512041336,,,,,,,,,,,0.0,1.0
-6979903820146248028-2512041334-5,7035,2512041343,2512041344,1,,S,60,Böblingen|Sindelfingen|Maichingen|Maichingen Nord,8003807,Magstadt,Baden-Württemberg,Magstadt,71106,8.965315746,48.73616033,6,2512041344,,2512041344,,,,,,,,,,,1.0,0.0
6406318432251840082-2512041239-12,7034,2512041315,2512041315,2,,S,60,Stuttgart-Feuerbach|Stuttgart-Zuffenhausen|Neuwirtshaus(Porscheplatz)|Korntal|Weilimdorf|Ditzingen|Höfingen|Leonberg|Rutesheim|Renningen|Renningen Süd,8003807,Magstadt,Baden-Württemberg,Magstadt,71106,8.965315746,48.73616033,6,2512041318,,2512041318,,,,,,,,,,,3.0,3.0
-6736509556138660402-2512041304-5,7033,2512041313,2512041314,1,,S,60,Böblingen|Sindelfingen|Maichingen|Maichingen Nord,8003807,Magstadt,Baden-Württemberg,Magstadt,71106,8.965315746,48.73616033,6,2512041314,,2512041314,,,,,,,,,,,1.0,0.0
-3357476612343189405-2512041309-12,7036,2512041345,2512041345,2,,S,60,Stuttgart-Feuerbach|Stuttgart-Zuffenhausen|Neuwirtshaus(Porscheplatz)|Korntal|Weilimdorf|Ditzingen|Höfingen|Leonberg|Rutesheim|Renningen|Renningen Süd,8003807,Magstadt,Baden-Württemberg,Magstadt,71106,8.965315746,48.73616033,6,2512041349,,2512041349,,,,,,,,,,,4.0,4.0
-6979903820146248028-2512041334-4,7035,2512041341,2512041341,1,,S,60,Böblingen|Sindelfingen|Maichingen,8003834,Maichingen Nord,Baden-Württemberg,Sindelfingen,71069,8.979416996,48.72750392,5,2512041342,,2512041342,,,,,,,,,,,1.0,1.0
6406318432251840082-2512041239-13,7034,2512041317,2512041317,2,,S,60,Stuttgart-Feuerbach|Stuttgart-Zuffenhausen|Neuwirtshaus(Porscheplatz)|Korntal|Weilimdorf|Ditzingen|Höfingen|Leonberg|Rutesheim|Renningen|Renningen Süd|Magstadt,8003834,Maichingen Nord,Baden-Württemberg,Sindelfingen,71069,8.979416996,48.72750392,5,2512041320,,2512041320,,,,,,,,,,,3.0,3.0
-6736509556138660402-2512041304-4,7033,2512041311,2512041311,1,,S,60,Böblingen|Sindelfingen|Maichingen,8003834,Maichingen Nord,Baden-Württemberg,Sindelfingen,71069,8.979416996,48.72750392,5,2512041312,,2512041312,,,,,,,,,,,1.0,1.0
-3357476612343189405-2512041309-13,7036,2512041347,2512041347,2,,S,60,Stuttgart-Feuerbach|Stuttgart-Zuffenhausen|Neuwirtshaus(Porscheplatz)|Korntal|Weilimdorf|Ditzingen|Höfingen|Leonberg|Rutesheim|Renningen|Renningen Süd|Magstadt,8003834,Maichingen Nord,Baden-Württemberg,Sindelfingen,71069,8.979416996,48.72750392,5,2512041351,,2512041351,,,,,,,,,,,4.0,4.0
-6979903820146248028-2512041334-3,7035,2512041339,2512041340,1,,S,60,Böblingen|Sindelfingen,8003808,Maichingen,Baden-Württemberg,Sindelfingen,71069,8.969606704,48.72162074,6,2512041340,,2512041340,,,,,,,,,,,1.0,0.0
6406318432251840082-2512041239-14,7034,2512041319,2512041319,1,,S,60,Stuttgart-Feuerbach|Stuttgart-Zuffenhausen|Neuwirtshaus(Porscheplatz)|Korntal|Weilimdorf|Ditzingen|Höfingen|Leonberg|Rutesheim|Renningen|Renningen Süd|Magstadt|Maichingen Nord,8003808,Maichingen,Baden-Württemberg,Sindelfingen,71069,8.969606704,48.72162074,6,2512041321,,2512041322,,,,,,,,,,,2.0,3.0
-6736509556138660402-2512041304-3,7033,2512041309,2512041310,1,,S,60,Böblingen|Sindelfingen,8003808,Maichingen,Baden-Württemberg,Sindelfingen,71069,8.969606704,48.72162074,6,2512041310,,2512041311,,,,,,,,,,,1.0,1.0
-3357476612343189405-2512041309-14,7036,2512041349,2512041349,1,,S,60,Stuttgart-Feuerbach|Stuttgart-Zuffenhausen|Neuwirtshaus(Porscheplatz)|Korntal|Weilimdorf|Ditzingen|Höfingen|Leonberg|Rutesheim|Renningen|Renningen Süd|Magstadt|Maichingen Nord,8003808,Maichingen,Baden-Württemberg,Sindelfingen,71069,8.969606704,48.72162074,6,2512041352,,2512041353,,,,,,,,,,,3.0,4.0
-6979903820146248028-2512041334-6,7035,2512041347,2512041348,1,,S,60,Böblingen|Sindelfingen|Maichingen|Maichingen Nord|Magstadt,8005001,Renningen Süd,Baden-Württemberg,Renningen,71272,8.932068278,48.76261937,6,2512041348,,2512041348,,,,,,,,,,,1.0,0.0
6406318432251840082-2512041239-11,7034,2512041311,2512041311,2,,S,60,Stuttgart-Feuerbach|Stuttgart-Zuffenhausen|Neuwirtshaus(Porscheplatz)|Korntal|Weilimdorf|Ditzingen|Höfingen|Leonberg|Rutesheim|Renningen,8005001,Renningen Süd,Baden-Württemberg,Renningen,71272,8.932068278,48.76261937,6,2512041314,,2512041314,,,,,,,,,,,3.0,3.0
-6736509556138660402-2512041304-6,7033,2512041317,2512041318,1,,S,60,Böblingen|Sindelfingen|Maichingen|Maichingen Nord|Magstadt,8005001,Renningen Süd,Baden-Württemberg,Renningen,71272,8.932068278,48.76261937,6,2512041318,,2512041318,,,,,,,,,,,1.0,0.0
-3357476612343189405-2512041309-11,7036,2512041341,2512041341,2,,S,60,Stuttgart-Feuerbach|Stuttgart-Zuffenhausen|Neuwirtshaus(Porscheplatz)|Korntal|Weilimdorf|Ditzingen|Höfingen|Leonberg|Rutesheim|Renningen,8005001,Renningen Süd,Baden-Württemberg,Renningen,71272,8.932068278,48.76261937,6,2512041345,,2512041345,,,,,,,,,,,4.0,4.0
-2228586882643936433-2512041322-4,7534,2512041327,2512041328,102,,S,5,Stuttgart Schwabstr.|Stuttgart Feuersee|Stuttgart Stadtmitte,8098096,Stuttgart Hbf (tief),Baden-Württemberg,Stuttgart,70173,9.180228831,48.78338649,1,2512041329,,2512041330,,,,,,,,,,,2.0,2.0
-8940297413789405434-2512041317-4,28402,2512041322,2512041323,102,,S,4,Stuttgart Schwabstr.|Stuttgart Feuersee|Stuttgart Stadtmitte,8098096,Stuttgart Hbf (tief),Baden-Württemberg,Stuttgart,70173,9.180228831,48.78338649,1,2512041325,,2512041325,,h,1,Bauarbeiten,,,,,,,3.0,2.0
-6319936848544854600-2512041220-15,7133,2512041305,2512041305,101,,S,1,Kirchheim(Teck)|Kirchheim(Teck)-Ötlingen|Wendlingen(Neckar)|Wernau(Neckar)|Plochingen|Altbach|Esslingen-Zell|Oberesslingen|Esslingen(Neckar)|Esslingen-Mettingen|Stuttgart-Obertürkheim|Stuttgart-Untertürkheim|Stuttgart Neckarpark|Stuttgart-Bad Cannstatt,8098096,Stuttgart Hbf (tief),Baden-Württemberg,Stuttgart,70173,9.180228831,48.78338649,1,2512041306,,2512041307,,h,1,Bauarbeiten,,,,,,,1.0,2.0
-7145620013091648078-2512041311-2,56113,2512041315,2512041315,101,,S,3,Stuttgart-Bad Cannstatt,8098096,Stuttgart Hbf (tief),Baden-Württemberg,Stuttgart,70173,9.180228831,48.78338649,1,2512041316,,2512041317,,,,,,,,,,,1.0,2.0
6555495071308560297-2512041310-10,28399,2512041337,2512041338,101,,S,4,Marbach(Neckar)|Benningen(Neckar)|Freiberg(Neckar)|Favoritepark|Ludwigsburg|Kornwestheim Pbf|Stuttgart-Zuffenhausen|Stuttgart-Feuerbach|Stuttgart Nord,8098096,Stuttgart Hbf (tief),Baden-Württemberg,Stuttgart,70173,9.180228831,48.78338649,1,2512041342,,2512041343,,h,1,Bauarbeiten,,,,,,,5.0,5.0
7531750134200071940-2512041347-4,28404,2512041352,2512041353,102,,S,4,Stuttgart Schwabstr.|Stuttgart Feuersee|Stuttgart Stadtmitte,8098096,Stuttgart Hbf (tief),Baden-Württemberg,Stuttgart,70173,9.180228831,48.78338649,1,2512041352,,2512041353,,h,1,Bauarbeiten,,,,,,,0.0,0.0
-6266903130374520756-2512041312-4,7632,2512041317,2512041318,102,,S,6,Stuttgart Schwabstr.|Stuttgart Feuersee|Stuttgart Stadtmitte,8098096,Stuttgart Hbf (tief),Baden-Württemberg,Stuttgart,70173,9.180228831,48.78338649,1,2512041322,,2512041323,,h,1,Bauarbeiten,,,,,,,5.0,5.0
-4525949924591958884-2512041332-4,7432,2512041337,2512041338,102,,S,4,Stuttgart Schwabstr.|Stuttgart Feuersee|Stuttgart Stadtmitte,8098096,Stuttgart Hbf (tief),Baden-Württemberg,Stuttgart,70173,9.180228831,48.78338649,1,2512041339,,2512041340,,h,1,Bauarbeiten,,,,,,,2.0,2.0
1188384783134199026-2512041342-4,7634,2512041347,2512041348,102,,S,6,Stuttgart Schwabstr.|Stuttgart Feuersee|Stuttgart Stadtmitte,8098096,Stuttgart Hbf (tief),Baden-Württemberg,Stuttgart,70173,9.180228831,48.78338649,1,2512041347,,2512041348,,h,1,Bauarbeiten,,,,,,,0.0,0.0
4686229571978930817-2512041351-2,56037,2512041355,2512041355,101,,S,2,Stuttgart-Bad Cannstatt,8098096,Stuttgart Hbf (tief),Baden-Württemberg,Stuttgart,70173,9.180228831,48.78338649,1,2512041355,,2512041356,,,,,,,,,,,0.0,1.0
-144422822861230009-2512041237-9,7533,2512041302,2512041303,101,,S,5,Bietigheim-Bissingen|Tamm(Württ)|Asperg|Ludwigsburg|Kornwestheim Pbf|Stuttgart-Zuffenhausen|Stuttgart-Feuerbach|Stuttgart Nord,8098096,Stuttgart Hbf (tief),Baden-Württemberg,Stuttgart,70173,9.180228831,48.78338649,1,2512041303,,2512041303,,,,,,,,,,,1.0,0.0
3678250551835302766-2512041341-2,56115,2512041345,2512041345,101,,S,3,Stuttgart-Bad Cannstatt,8098096,Stuttgart Hbf (tief),Baden-Württemberg,Stuttgart,70173,9.180228831,48.78338649,1,2512041346,,2512041347,,,,,,,,,,,1.0,2.0
-8922964933325247623-2512041233-14,7633,2512041312,2512041313,101,,S,6,Weil der Stadt|Malmsheim|Renningen|Rutesheim|Leonberg|Höfingen|Ditzingen|Weilimdorf|Korntal|Neuwirtshaus(Porscheplatz)|Stuttgart-Zuffenhausen|Stuttgart-Feuerbach|Stuttgart Nord,8098096,Stuttgart Hbf (tief),Baden-Württemberg,Stuttgart,70173,9.180228831,48.78338649,1,2512041314,,2512041314,,h,1,Bauarbeiten,,,,,,,2.0,1.0
-5817753767787077907-2512041255-10,7433,2512041322,2512041323,101,,S,4,Marbach(Neckar)|Benningen(Neckar)|Freiberg(Neckar)|Favoritepark|Ludwigsburg|Kornwestheim Pbf|Stuttgart-Zuffenhausen|Stuttgart-Feuerbach|Stuttgart Nord,8098096,Stuttgart Hbf (tief),Baden-Württemberg,Stuttgart,70173,9.180228831,48.78338649,1,2512041327,,2512041328,,h,1,Bauarbeiten,,,,,,,5.0,5.0
6860077973327279202-2512041316-15,7136,2512041355,2512041355,102,,S,1,Herrenberg|Nufringen|Gärtringen|Ehningen(b Böblingen)|Hulb|Böblingen|Goldberg(Württ)|Stuttgart-Rohr|Stuttgart-Vaihingen|Stuttgart-Österfeld|Stuttgart Universität|Stuttgart Schwabstr.|Stuttgart Feuersee|Stuttgart Stadtmitte,8098096,Stuttgart Hbf (tief),Baden-Württemberg,Stuttgart,70173,9.180228831,48.78338649,1,2512041401,,2512041402,,h,1,Bauarbeiten,,,,,,,6.0,7.0
-4288525857753429602-2512041252-9,28469,2512041317,2512041318,101,,S,5,Bietigheim-Bissingen|Tamm(Württ)|Asperg|Ludwigsburg|Kornwestheim Pbf|Stuttgart-Zuffenhausen|Stuttgart-Feuerbach|Stuttgart Nord,8098096,Stuttgart Hbf (tief),Baden-Württemberg,Stuttgart,70173,9.180228831,48.78338649,1,2512041322,,2512041322,,,,,,,,,,,5.0,4.0
-6700422537624249946-2512041322-9,28471,2512041347,2512041348,101,,S,5,Bietigheim-Bissingen|Tamm(Württ)|Asperg|Ludwigsburg|Kornwestheim Pbf|Stuttgart-Zuffenhausen|Stuttgart-Feuerbach|Stuttgart Nord,8098096,Stuttgart Hbf (tief),Baden-Württemberg,Stuttgart,70173,9.180228831,48.78338649,1,2512041348,,2512041349,,,,,,,,,,,1.0,1.0
1692997485605395662-2512041250-15,7135,2512041335,2512041335,101,,S,1,Kirchheim(Teck)|Kirchheim(Teck)-Ötlingen|Wendlingen(Neckar)|Wernau(Neckar)|Plochingen|Altbach|Esslingen-Zell|Oberesslingen|Esslingen(Neckar)|Esslingen-Mettingen|Stuttgart-Obertürkheim|Stuttgart-Untertürkheim|Stuttgart Neckarpark|Stuttgart-Bad Cannstatt,8098096,Stuttgart Hbf (tief),Baden-Württemberg,Stuttgart,70173,9.180228831,48.78338649,1,2512041335,,2512041336,,h,1,Bauarbeiten,,,,,,,0.0,1.0
-5490041423935091879-2512041246-15,7134,2512041325,2512041325,102,,S,1,Herrenberg|Nufringen|Gärtringen|Ehningen(b Böblingen)|Hulb|Böblingen|Goldberg(Württ)|Stuttgart-Rohr|Stuttgart-Vaihingen|Stuttgart-Österfeld|Stuttgart Universität|Stuttgart Schwabstr.|Stuttgart Feuersee|Stuttgart Stadtmitte,8098096,Stuttgart Hbf (tief),Baden-Württemberg,Stuttgart,70173,9.180228831,48.78338649,1,2512041327,,2512041328,,h,1,Bauarbeiten,,,,,,,2.0,3.0
-3794323979676538163-2512041248-12,56112,2512041315,2512041315,102,,S,3,Stuttgart Flughafen/Messe|Echterdingen|Leinfelden|Oberaichen|Stuttgart-Rohr|Stuttgart-Vaihingen|Stuttgart-Österfeld|Stuttgart Universität|Stuttgart Schwabstr.|Stuttgart Feuersee|Stuttgart Stadtmitte,8098096,Stuttgart Hbf (tief),Baden-Württemberg,Stuttgart,70173,9.180228831,48.78338649,1,2512041319,,2512041321,,,,,,,,,,,4.0,6.0
565274331569361430-2512041233-13,56030,2512041305,2512041305,102,,S,2,Filderstadt|Stuttgart Flughafen/Messe|Echterdingen|Leinfelden|Oberaichen|Stuttgart-Rohr|Stuttgart-Vaihingen|Stuttgart-Österfeld|Stuttgart Universität|Stuttgart Schwabstr.|Stuttgart Feuersee|Stuttgart Stadtmitte,8098096,Stuttgart Hbf (tief),Baden-Württemberg,Stuttgart,70173,9.180228831,48.78338649,1,2512041305,,2512041306,,,,,,,,,,,0.0,1.0
-8228587515374315120-2512041352-4,7536,2512041357,2512041358,102,,S,5,Stuttgart Schwabstr.|Stuttgart Feuersee|Stuttgart Stadtmitte,8098096,Stuttgart Hbf (tief),Baden-Württemberg,Stuttgart,70173,9.180228831,48.78338649,1,2512041358,,2512041358,,,,,,,,,,,1.0,0.0
-7683922748438555510-2512041303-14,7635,2512041342,2512041343,101,,S,6,Weil der Stadt|Malmsheim|Renningen|Rutesheim|Leonberg|Höfingen|Ditzingen|Weilimdorf|Korntal|Neuwirtshaus(Porscheplatz)|Stuttgart-Zuffenhausen|Stuttgart-Feuerbach|Stuttgart Nord,8098096,Stuttgart Hbf (tief),Baden-Württemberg,Stuttgart,70173,9.180228831,48.78338649,1,2512041350,,2512041351,,h,1,Bauarbeiten,,,,,,,8.0,8.0
-4511803896361159245-2512041318-12,56114,2512041345,2512041345,102,,S,3,Stuttgart Flughafen/Messe|Echterdingen|Leinfelden|Oberaichen|Stuttgart-Rohr|Stuttgart-Vaihingen|Stuttgart-Österfeld|Stuttgart Universität|Stuttgart Schwabstr.|Stuttgart Feuersee|Stuttgart Stadtmitte,8098096,Stuttgart Hbf (tief),Baden-Württemberg,Stuttgart,70173,9.180228831,48.78338649,1,2512041350,,2512041350,,,,,,,,,,,5.0,5.0
-5311335166810349053-2512041307-9,7535,2512041332,2512041333,101,,S,5,Bietigheim-Bissingen|Tamm(Württ)|Asperg|Ludwigsburg|Kornwestheim Pbf|Stuttgart-Zuffenhausen|Stuttgart-Feuerbach|Stuttgart Nord,8098096,Stuttgart Hbf (tief),Baden-Württemberg,Stuttgart,70173,9.180228831,48.78338649,1,2512041333,,2512041334,,,,,,,,,,,1.0,1.0
-3085481889421354950-2512041337-4,28470,2512041342,2512041343,102,,S,5,Stuttgart Schwabstr.|Stuttgart Feuersee|Stuttgart Stadtmitte,8098096,Stuttgart Hbf (tief),Baden-Württemberg,Stuttgart,70173,9.180228831,48.78338649,1,2512041344,,2512041345,,,,,,,,,,,2.0,2.0
4907785515978563886-2512041302-4,7430,2512041307,2512041308,102,,S,4,Stuttgart Schwabstr.|Stuttgart Feuersee|Stuttgart Stadtmitte,8098096,Stuttgart Hbf (tief),Baden-Württemberg,Stuttgart,70173,9.180228831,48.78338649,1,2512041308,,2512041310,,h,1,Bauarbeiten,,,,,,,1.0,2.0
-288669336801421707-2512041303-13,56032,2512041335,2512041335,102,,S,2,Filderstadt|Stuttgart Flughafen/Messe|Echterdingen|Leinfelden|Oberaichen|Stuttgart-Rohr|Stuttgart-Vaihingen|Stuttgart-Österfeld|Stuttgart Universität|Stuttgart Schwabstr.|Stuttgart Feuersee|Stuttgart Stadtmitte,8098096,Stuttgart Hbf (tief),Baden-Württemberg,Stuttgart,70173,9.180228831,48.78338649,1,2512041336,,2512041337,,,,,,,,,,,1.0,2.0
2715788132942076371-2512041307-4,28468,2512041312,2512041313,102,,S,5,Stuttgart Schwabstr.|Stuttgart Feuersee|Stuttgart Stadtmitte,8098096,Stuttgart Hbf (tief),Baden-Württemberg,Stuttgart,70173,9.180228831,48.78338649,1,2512041313,,2512041313,,,,,,,,,,,1.0,0.0
107482304069760705-2512041321-2,56035,2512041325,2512041325,101,,S,2,Stuttgart-Bad Cannstatt,8098096,Stuttgart Hbf (tief),Baden-Württemberg,Stuttgart,70173,9.180228831,48.78338649,1,2512041325,,2512041326,,,,,,,,,,,0.0,1.0
-1050718254766280262-2512041240-10,28397,2512041307,2512041308,101,,S,4,Marbach(Neckar)|Benningen(Neckar)|Freiberg(Neckar)|Favoritepark|Ludwigsburg|Kornwestheim Pbf|Stuttgart-Zuffenhausen|Stuttgart-Feuerbach|Stuttgart Nord,8098096,Stuttgart Hbf (tief),Baden-Württemberg,Stuttgart,70173,9.180228831,48.78338649,1,2512041309,,2512041310,,h,1,Bauarbeiten,,,,,,,2.0,2.0
-8143374333923627216-2512041325-10,7435,2512041352,2512041353,101,,S,4,Marbach(Neckar)|Benningen(Neckar)|Freiberg(Neckar)|Favoritepark|Ludwigsburg|Kornwestheim Pbf|Stuttgart-Zuffenhausen|Stuttgart-Feuerbach|Stuttgart Nord,8098096,Stuttgart Hbf (tief),Baden-Württemberg,Stuttgart,70173,9.180228831,48.78338649,1,2512041353,,2512041354,,h,1,Bauarbeiten,,,,,,,1.0,1.0
